            uid   room_id              name guard_num
0        198297    876396              冰糖IO     12293
1      18149131    704808    Overidea_China     10381
2     672353429  22632424            贝拉kira      6399
3     672346917  22625025             向晚大魔王      1299
4     672328094  22637261           嘉然今天吃什么       933
5     351609538  22634198           珈乐Carol         2
0     401315430  22886883       星瞳_Official      4277
1        477792     24393               雪狐桑      2485
2     434334701  21452505         七海Nana7mi      2232
3     480680646  21696950             阿萨Aza      1574
4    1588646945  25206807            巴老师的小号      1472
5    1795147802  25512501             柚恩不加糖      1449
6     402417817  22047448       星宮汐Official      1158
7    1230039261  23905374           量子少年-慕宇      1148
8    1778026586  25512465            米诺高分少女      1068
9    1669777785  25512443            露早GOGO      1043
10    692283831  22571958     美波七海-official      1003
11   1601895109  25245573    shoto_official       961
12    508963009  21919321       HiiroVTuber       772
13       140378    958617              梦音茶糯       746
14    349991143  12235923     神楽Mea_NHOTBOT       739
15      3821157  21692711         东爱璃Lovely       711
16   1265680561  22603245              永雏塔菲       631
17    672342685  22625027           乃琳Queen       613
18    269415357   7688602            花花Haya       595
19    401480763  21402309     眞白花音_Official       590
20       632960   1944820        切茜娅CheIsea       562
21   1775966996  24731541   Vox_EN_Official       490
22    489146840  22301377       奈奈莉娅Channel       473
23     56748733  21756924           雪绘Yukie       431
24     48330353   1496449              双尾彗星       391
25        45502  22650610         冥冥meichan       364
26       282994     47377           泠鸢yousa       348
27       249118    363889         shourei小N       346
28     14387072   6374209              小可学妹       340
29    617459493  22384516                呜米       339
30    358629230  13328782           Flora圆圆       338
31    387636363  21013446      雫るる_Official       337
32      3035105   3415150            奈姬niki       321
33      1950658     41682               早稻叽       296
34      2299184   8725120      古守血遊official       290
35   1096223397  22853788    白雪艾莉娅_Official       281
36   1838190318  24643640             魔狼咪莉娅       245
37    477332594  21652717         白神遥Haruka       230
38    473244363  22992234          蕾尔娜Leona       227
39    697091119  22676119  猫雷NyaRu_Official       211
40      3046429    938957              祖娅纳惜       163
41   1900434152  23105590       恋乃夜舞_propro       132
42    434565011  21449083      物述有栖Official       130
43    406805563  21320551       乙女音Official       130
44    441381282  21547895      花丸晴琉Official       125
45      5563350   4138602       小希小桃Channel       108
46    504674421  23588360           零诺Reino        64
47      1473830   1485080       AIChannel官方        37
48    381257126  22709927              正版戒九         3
49   1370775553  22974318              -桃易-         2
0    1673137696  24731561  Luca_EN_Official       787
1       4176573    870691            Akie秋绘       763
2     480745939  21696953            罗伊_Roi       735
3      51030552   1603600            星汐Seki       693
4     574317507  22210372         香取绮罗_kira       563
5     698438232  22673512                扇宝       512
6    1437582453  22816111       東雪蓮Official       491
7      36081646   1546736               洛天依       424
8      43272050  21646457       穆小泠Official       386
9    2094031249  22748536             火羽ひのめ       333
10    479633069  21677969          秋凛子Rinco       332
11    488836173  25411285       yoyo鹿鸣_Lumi       331
12   1643484295  22900071           岱川Doris       325
13   1875044092  25512476             莞儿睡不醒       308
14   1104048496  22642754             桃几OvO       291
15    690608698  23260993           瑞娅_Rhea       283
16    380829248  14327465          花园Serena       267
17     11431931    675014          ninnikuu       260
18   1802011210  22758221      夏川玥玥Official       253
19    690804827  22545602        花满Official       245
20   1958703906  22894962            靡烟miya       244
21      3985676    947866            扶桑大红花丶       243
22       780791   5561470            Mia米娅-       235
23   1811071010  25512485            虞莫MOMO       231
24     14198063     82178            猫不吃芒果め       226
25   1359949418  23224539            小小约yoo       224
26    225347042   9162799       九重紫Official       223
27       510047  22333522         伊万_iiivan       223
28    476725595  21775601            西魔幽Yuu       222
29   1219196749  23303212         唐九夏还想再躺一下       219
30    613345189  22344968          蛙吹Keroro       218
31    399815233  21728563         烛灵儿Hikari       218
32   1734978373  22696954         小柔Channel       218
33   1875094289  22754458      小铃久绘Official       217
34    434662713  21448649  NoWorld_Official       214
35     54191665   8643223       木糖纯Official       213
36       922573    251015          黑泽诺亚NOIR       212
37   1243266187  22742508    林莉奈RinaHayashi       209
38   1484169431  23805029          雾深Girimi       203
39      2100679     56237            还有醒着的么       203
40       620903    870004        泰蕾莎Channel       202
41    623441612  22347054      椎名菜羽Official       195
42    591892279  22889484              希月萌奈       188
43    671538942  22571722           黎歌Neeko       188
44     11416708  23348061              九奈猹猹       185
45   1376650682  22857429        葡冷尔子gagako       182
46   1294678093  25166222          杜铂雷Dobre       179
47   2072717192  23969425            万拓普TOP       179
48      8881297     55634        钉宫妮妮Ninico       178
49        52522    850221               露蒂丝       176
50   1641367203  24745250           新生代持剑少年       174
51   1501380958  22746343        艾露露Ailurus       172
52     13089665   1223832             橙子miu       171
53       163653    162180   尼奈nine_Official       171
54     14897804   7953876           宴宁ccccc       171
55   2006452883  24778741         路希维德Wiede       168
56   1112031857  22924075           薇Steria       168
57       518817   5169315                早凉       168
58       899804    411318          红晓音Akane       168
59    121487111   4585823               东野凹       165
60   1657906522  23696756              花雨春绘       165
61       610390     14893     乌拉の帝国Official       164
62   1377212676  23945583       永恒娘Official       163
63   1202416628  24255210            眠特Mint       161
64   1383815813  23221095           吉诺儿kino       160
65     15641218    573893        帅比笙歌超可爱OvO       158
66    480248442  22381346           北柚香Yuka       157
67    690608693  22778610          勾檀Mayumi       156
68     12939237    264788              有棵里里       155
69    393885664  22882574            诺可Noko       155
70      5659864   2064239               鹿野灸       155
71   1277309396  23817749              亓玖玖丶       154
72     24957521   4726132            吃肉包的怂鼠       151
73    385281102  21749031         紗耶_sayako       151
74   1461176910  23965761           量子少年-祥太       150
75    698029620  22696653           兰音Reine       150
76     57871034  23246736               栀小朵       149
77   1296133469  23332935          路菲比Febee       149
78     17661166  21925332       鈴木玲子_Suzuki       149
79    477317922  21672023            弥希Miki       149
80      4718291   1155608         花见汐梨Yuuri       148
81   1942864208  24827493          卡萝尔Akuma       147
82   1950721001  24817507             天天Ame       145
83      1521415     81004       艾尔莎_Channel       145
84       749499    915110          神咲乃希NOKi       143
85    396316042  23199554   羽咲Rabi_Official       142
86    398655122  21713184               莫熙呐       142
87    471460273  22195814           杜松子_Gin       142
88     11253297    392523            多多poi丶       141
89    480432362  21685677               鈴宮鈴       141
90      1612112   1321846        夏诺雅_shanoa       140
91    372984197  14052636  夢乃栞Yumeno_Shiori       140
92    321650277  24833274          凤小七seven       139
93   1544125954  24731569    Mysta_Official       139
94    703018634  22605289         莱妮娅_Rynia       138
95      2341174    918717                池年       137
96     37502021   4536168             奇奇Qi7       135
97   1768094747  24153954               安纪亚       134
98     30507713    444084             小小小小玟       134
99    484322035  21712406     AIChannel中国绊爱       133
100  1265605287  25061813         麻尤米mayumi       132
101      186463    337374              綾奈奈奈       132
102      659401     19064                荀异       131
103  1584039005  24954295              星见汐娅       130
104   545530293  22563900            饭团喵にゃん       130
105      741520     33942        茶冷_Channel       130
106  1816182565  22898905        珞璃Official       129
107   593793031  23854724           泉鹅Izumi       128
108    16510117    623698             机智大灯灯       128
109   283886865   9234980         说说Crystal       126
110  1846208014  22864117        盖乃希亞Galaxy       125
111   697737710  23369901          蝶蝶Hikari       124
112    28278764  23578004              织月黛黛       123
113   509050400  21879412            雷柏磷ボリン       123
114    35231887    469803              星海玲奈       122
115   529341976  24334012            奶芙wuhu       122
116   505183397  24143549          桃宝Momoko       122
117   598716541  22712271           春小花sama       122
118    17794913   1033927             猫辞猫辞猫       122
119      607286    757349              i御十二       122
120    13199099  21724277               植物椿       121
121  1308967115  23029299              鱼一YY       120
122  1355412269  23075997           随一Suiii       119
123   473513205  21611039          夏可可_Kero       119
124  1856528671  23256987            陆鳐LuLu       118
125     1697694    602283                蝶太       118
126   410689349  22054199              仙女安_       118
127  1553780731  23965951          许亦真_REAL       116
128   477342747  21672022         星弥Hoshimi       116
129   434401868  21457197              中单光一       116
130     6415072     43241              虚拟小萨       115
131     1743015     40195           星越Koshi       115
132      433307    818240            洛佩sama       115
133  1011797664  24697117          卡缇娅也不知道鸭       114
134  1141334416  25155352      齐格鲁_Official       113
135   702411002  23351434               怦怦梨       113
136   576858552  22323445           毬亚Maria       113
137     1780645    540024    粉黛乱子Capillaris       113
138    47791562  22861834            赫拉Kris       112
139      731556     92450             綾音Aya       112
140   176135235  22880700       星野怜Official       111
141  2049968320  23343237               夏卜卜       110
142   292838396  12845193              鸢尾牙牙       110
143    12450452  22262300              人间蜜药       110
144        7966    597450              花园花玲       110
145     2878144    708397        鹤祁_Tsuruki       110
146     6699767    713435               未未昭       109
147   378606811  22341433              螃蟹那由       109
148     7482932    197082               倾瓷v       109
149   109834414  24492364              井上鸢御       108
150     3188835   1766019             叁仟院可奈       108
151  1155425566  23805066           希侑Kiyuu       108
152   698168210  23094410       画外灯official       108
153    34815578  23116807          りんうらん霖雨蘭       108
154   699327470  22578273             蜜汁粥粥_       108
155   515053790  22110436           椋笙栗Kuri       107
156   690608690  23260932          恋诗夜Koxia       107
157     1750561   8721033               蜜球兔       107
158   230487728   6615406           嚼着软糖想昵称       107
159   364728311  13802532     星蚀_Finsternis       106
160  1927037753  23261911            纱鱼sayu       106
161    13630808    362064               顾疚疚       106
162   573930836  22566228      咲间妮娜Official       106
163    12497617   4788550             胡桃Usa       106
164   160450916   5293697          小风铃是只咕咕狐       106
165   109564538  23631708       夜雨_Official       105
166   395865658  22454728             茅山张懋衍       105
167     2093232    994304              轻叹ww       105
168  1878154667  23771139          沐霂是MUMU呀       105
169  2126507529  23527503            蒂莉雅回家家       105
170      846180   3012597          喵田弥夜Miya       105
171   703068520  23296355          想不长肉的喵小泽       104
172  1512788587  23388273           诺娅Sukie       104
173     2240157   3471186               姬野青       104
174      744713   2611014       雨宫水希Channel       104
175   437786939  21473201             keii萤       103
176   525105971  22067425       紫海由爱Channel       103
177  1543083238  24160882          纱箬sariel       103
178     5986897   6204892           绫月汐Shio       103
179   503801557  23778409     猫姬琥珀_official       103
180   551527845  22810269            迷柚_mio       103
181   484660274  21706862       七咔拉CHikalar       103
182   423902976  21603945         Minicatty       103
183      210628      5229          MKiiiiii       102
184   194326389   6203304              兮子cc       102
185  1025491703  23941099     塞拉菲娜_Serafina       101
186   107433129  15127652         FFF团炎系魔导师       101
187     9923775    925758               柯暮卿       101
188  1819548520  24906576            桃酥Momo       101
189     4447907   4076610           不想睡觉的洗洗       101
190    96264399  23129160        和水_nouille       101
191  1394160176  23808442         纱音_Syanon       101
192  1734677911  23245990             酒菜禾子呀       101
193   503026492  22696219           七个喵Nana       101
194   358085156  14848063          魔法少年电池er       100
195  1795716989  24967779          阿鹤-Crane       100
196  1006140314  24921679     瀬兎一也_Official       100
197  1809810330  24188245             摩亞Moi       100
198     1595005    450956            录音姬阿童木       100
199   589799673  22671467           艾妮娅Enia       100
200   193558681   5391723              激辣味噌       100
201   324884920  22320946               江壹纯       100
202  2115139772  22877717        莉莉幽ririyuu       100
203   686241472  22520319               团小哈       100
204   421267475  21403601            艾因Eine       100
205  1386545245  23667609     犬卷日鞠-官方WACTOR        97
206      720964   1521498           你的可樱已上线        97
207      795926  24022621   铭音MeIoN_2022稿期满        96
208  1069108539  23472646     小鸟游杏子Official        95
209     2128310    399854             夕兔_H2        95
210    17511965  14343955            咦我的头发呢        95
211   618107325  22334596            阳阳不想熬夜        94
212   313248263  10413051       宇佐紀ノノ_usagi        94
213  1570795034  24564657              咩也爷_        93
214     1363457   1487005           米团团Miho        93
215   176528442  23086860              三宝iu        92
216   516678537  23300805             C叔小酒馆        92
217   353361863  21514463            七濑Unia        91
218   316381099  15152878             鹿乃ちゃん        91
219     1524009    177152             砂纸大魔王        90
220   652298653  23234552       餡蜜椿official        90
221   690608714  23805078          狩砂Karisa        90
222    16907771  23158413           雪虎Black        89
223      640283    806683             花洛栗栗子        89
224    37756047   1352574       申岚_Official        88
225    27231887   1496588             轩喵与砂奈        88
226  1282271864  23459804            自由魂儿儿儿        88
227      529249    282208             诺莺Nox        88
228     8760033  14846654              小司无常        88
229  1048861669  22700047         人形冬萌_Tomo        87
230    11655582    924325                鵊鸣        86
231    11771366   1114551           莉夏Lecia        86
232  2052064438  22824550            罗菈Rola        86
233  1658766768  22821718               午哞哞        85
234   416622817  21413565         步玎Pudding        85
235    25032753   5312656             果汁erR        85
236     5482095     57437                碳鸽        84
237   472848826  22404256           纱世_sayo        84
238    58485079   2098875              温之九丶        83
239  2064099563  24762598           茂Sigeru        82
240     2679304    874479           卦者那啥子靈風        82
241  1697848019  23490978           赤五教教主亮亮        82
242  1070733875  23238218      怠惰V_official        82
243  1674274422  23098405            小语若mua        82
244   370200323  22709591             嗨嗨多吃点        82
245  1372936974  24441860   可妮Koni_Official        81
246  2140412037  24485048               晨悠光        80
247   606293627  22625077         月兮Channel        79
248   697652272  22569046                早穗        78
249   272705818  24399819           仓仓爱吃牛肉干        77
250   591843065  23587027         天海今天又懈怠了呢        77
251   410124536  21368856             阿黛不太呆        77
252  1343252680  23582081            竹已Take        76
253   690608709  23550749             尤格Yog        76
254      117906     11306        阿伊蕾特Ayelet        75
255     9361427    905813               清則子        75
256  1630494154  24715515            蔓Aoede        74
257  1518296186  23501664          莉奥拉Liala        74
258      334299     34587                零太        74
259    12862137  21359166        鹤羽Official        74
260    67246581  21711976        凉米饭Channel        74
261  2100944625  22700040       露珀塔_Ruperta        74
262   602200741  22288644           瓦妮Vanee        74
263     1401928    924973               火西肆        74
264      425286    292397      巫贼_ikataruto        74
265      317000     10545          adogsama        74
266  1939568047  25100511              沧海月萌        73
267  1220317431  25290861              凜凜蝶凜        73
268      234782    544625            祈Inory        73
269    39952788   7619799        羽蝶酥酥今天被吃了嘛        73
270  2093872604  22976643           五条软yuki        73
271     5005968    866400             米白zzz        73
272   674839637  22537284                黎耶        72
273    35565205   4375036               茭白柒        72
274  1678686361  24837306          Sandy睡醒了        71
275   690608704  23017349           桃星Tocci        71
276  2007781080  22989215      天曰小雏Official        71
277  1926156228  22608112         希亚娜Ciyana        71
278   394593891  23605152       黑岛麻由_online        70
279  2119815078  23626594          安蒂维娜-克莱因        70
280     3526739   1921106              绯叶明依        70
281  1802937912  24846830       Valentina蒂娜        69
282    11399495   4910271               鸽一品        69
283  1968342232  24538373            曲奇Aria        69
284  1288036991  24411398           小惹Azure        69
285  1030723991  22927644          瞳瞳要好好学炉石        69
286    12325132  22325853             奈一睡不醒        68
287    16217876   7768761          白夜小鸠Hato        68
288   690608686  22605463            茉里Mari        68
289     3774410   1960179         樱饼饼Sakura        67
290   470085432  23128657       派萝喵Official        67
291   690608702  22778627       九十九_Tsukumo        67
292      649833     45940             茜茜甜兮兮        66
293     9264492    681838     杰池莉尔-Succubus        66
294  1132553462  24471858               烛宝哒        66
295    21693393    370468            幽灵车尔尼桑        66
296  1095803401  23710136         小春_Koharu        66
297   664047468  22772718            莉姆丝OvO        66
298  1660392980  23771189             恬豆发芽了        65
299      839059    739818           妮特_Nito        65
300      512480     29183            YUKIri        65
301   377042295  21594123              挽歌歌_        64
302  1273319763  23095176                璎绯        64
303  2042629175  24963677    范塞尼尔_VamSenior        63
304     4098782  22032167        星野綾乃Ayanya        63
305      744031  14009974        蝶蝶狐_Chouko        63
306   303246676  10049827             栖苑太困辽        63
307  1216158888  23784861            果奈suki        61
308       29080  12576972           无前Namae        61
309  2123631024  22865391     辻蓝佳音瑠_channel        61
310   690608691  22605464          千幽Chiyuu        61
311   128912828   4767523             沙月ちゃん        61
312   689840611  22950737             蟹宝没有钳        60
313     3328498   2416317             祁宝困兮兮        60
314    14405936    331747          必不可能鸽的青璃        60
315   677797838  23392623           梦萝Sweet        60
316     2650919   3525213           凛-阿格里亚斯        60
317     3802666    783445         Ask是Asuka        60
318    14350494   4215185       犬山奈奈Channel        60
319  1705007318  22920508    星ノ宮春鈴_Official        60
320      545511     10360             速冻猫犊子        60
321    13908542  22251977       柊真华Official        60
322      264161    837039        ❀Sakulaˇ小舞        60
323   599254182  23246975            冰淇柠QAQ        59
324     9736638   2206397              星野琳奈        59
325   666726801  22470208            勺Shaun        59
326      398431  24173090        塔蒂娜Tattina        58
327  1164975438  22809132            幽乜Yume        58
328   258875006   7202100         溯月Sotsuki        58
329     7723009  21356899          这碗鱼Katie        58
330    27554691   8816397        熊崽_BearRRR        58
331     4763529     40529        幽灵事务所_XPEC        58
332     3149619   3822389   有栖Mana_Official        58
333    45336140   4346806              星野绵奈        57
334    23100916  23148857        诺诺nono_nya        57
335   569192826  23084015       沙口酱official        57
336   474593909  21622680           花玲Karin        57
337    94363275  21710273        日向葵Channel        57
338    61639371  21484828     轴伊Joi_Channel        56
339   477306079  21672024         真绯瑠mahiru        56
340  1451797925  25148241               尹青依        55
341      128552    283870   JimDez_Official        55
342      890735   2698402             Atom玲        55
343     5374546     57018                望神        55
344  1042854135  23594422  ShizukouOfficial        54
345    74617154   2996680          倪奈奈变欧亿点点        54
346   494850406  21990617      白银莉莉Official        54
347  1810786106  24063763              千岛尤樱        53
348  1993395129  22967698        散華藍SankaAI        53
349  1880355910  23520070              秋月盈儿        53
350     8171802    753667       风吟蝶_Channel        53
351      487902   7595278           召唤师yami        53
352   180035670   5298167            皮卡少个丘w        52
353    49142760  22815234        咪诺今天也要元气满满        52
354  1420419918  22745778         浅井有纱Arisa        52
355    34423885   6485126            耳可Milo        52
356   399923919  23426285              姜南星_        51
357     1344144     97558       免免_Official        51
358   484451346  21706254         绚辻眠兔Minto        51
359     2048677   1868279            米见Mita        51
360     2239559  10877511  Mira恶魔米拉official        51
361    13158687   4339349           超绝卫星轨道炮        51
362   487550002  21811136     猫芒ベル_Official        51
363   661461705  22487947      莉莉安_Official        50
364  1382719257  23517719    咸蛋黄饭团-official        50
365     3614240  21700355               御司司        50
366    12945093    497517              冬雪沫沫        50
367      249243   8688111    小豆沢あずきofficial        50
368     1278545    175965        格蕾缇娅Gretia        50
369   392505232  21224291    安堂いなり_official        50
370    65568410   2516117        管珩心-中间的字念哼        50
371   688275304  22621413            Zoe_舟一        49
372      835644    735709        卡农_Channel        49
373     5870649   2052325            玫瑰先生LS        49
374       91352   2853663      心羽萝妮Official        48
375     8558528   8726118           清濑冰ices        48
376      597701   1375798         压刹channel        48
377  1489377760  23017641          竹月芽Meiya        48
378   558070436  22389323          清良Kiyora        48
379   571841213  22205953       三日暦Official        48
380    26541399    360169          鹿子kanoco        48
381  1436519963  23509728              是喵宝呀        47
382  1863644136  23240551            弦羽Hane        47
383    38271760  22682795        淩钰Official        47
384    36576761   6129586       诗小雅Official        47
385      278296   8641515               橘绘理        46
386    41461068   9618253       艾诺斯Official        46
387  2009235986  23093993         戌夜初Hajime        46
388   692611676  22601447             井野川歌铃        46
389      168210   7478830          沧棂Soleil        46
390  1533406766  24448785           请关注明夏珊海        45
391  1703797642  22966160       李豆沙_Channel        45
392  1323227037  23252619         山椒阿露波Arpa        45
393     7591465    873642            里奈Rina        45
394   286113280  21742155              望月希咏        45
395  1085221011  22992633       尤娜_Official        45
396      477007   3649650         Sawako碎花子        45
397      651649   3725076              特莉丝忒        45
398   690608694  22605466             伊深Imi        45
399    12120515   2425420   尼奥喵Neil_Channel        45
400  1834090921  24849407          哟蔻桃桃YOCO        44
401     1583472     24125           鲸落落raku        44
402   582225536  22286296             麦芽不甜_        44
403    15225468  23389000      辛西娅_Cynthiaa        44
404     8198901   6959050         染染_Ranoca        44
405    18075705   2757197               夜然z        43
406  1701192807  23900853               音离宝        43
407  1263271233  22993378            铃伊_Rei        43
408   690608706  22605469      田野柴Tanoshiba        43
409     1926687   1517135       猫川多多道-taku道        42
410  1004127267  23648738            芙蕾娅フレア        42
411   157330863  22041958      神奈希_Official        42
412   387108043  15142311            莉姬LIJI        42
413   650573749  22506899          尤利娅Yulia        42
414      863287   5224688        天雨Rainfall        41
415  1340967709  23149132        花云凛_propro        41
416      147688     35350              lvlv        41
417    11137181   4109869        伊莎蓓尔Isabel        40
418  1723206278  23985703         希洛伊Shiroi        40
419   529107543  23099155               fa漠        40
420     4365978    193520              一支橘猫        40
421      826393     97687               叶洛洛        40
422   493885362  23195139          岚墨_Holic        40
423   690608689  23260856          夜宫Yomiya        40
424  1152597935  22720043             星宫魔琉瑠        39
425     4242014   9170973          满天星Hoshi        39
426   410741448  21399689      Milky_Vtuber        39
427   482911295  21712635   绮良kira_Official        39
428   118754720   4611671               雨街F        39
429     3032688   6760154             -Yu酱-        39
430   336442974  22845802           夜原没有小尾巴        38
431  1535525542  23905421           量子少年-泽一        38
432  1757836012  23905403           量子少年-楚枫        38
433  1803585918  23251345             千零莉露卡        38
434   412630000  21348897            亮_Sama        38
435   388092833  23535840              酒懵子呀        37
436  1181247064  23615209           森川雪yuki        37
437   323905978  23417026       忧特若丝_Uterus        37
438   323774877  21732370           星陵Betty        37
439  1121411561  22935036                万灼        37
440  1156637837  23085720             雪绘莉莉奈        37
441   441315555  22582590          神代祐希Yuki        37
442  1422451239  22715167             软萌布丁酱        37
443     4861197    311280        雾雨威Channel        37
444    26087398   1016818     猫屋敷梨梨Official        37
445    21374533   1221274         彼岸霜滢Eliro        37
446   180485916   5998426           是姬拉Kira        37
447   135980509  21701071            永远永远酱w        37
448     4911722  22074371     黑桐亚里亚Official        37
449      394936   8725320  盐天使riel_official        37
450    29488539    147488             这里是馍君        36
451  1405589619  23805059           希维Sybil        36
452   526071118  22233836           魔法少女真理酱        36
453    16059520    452450     五彩呆鸟咩Official        36
454   676278201  23337608              -言如惑        36
455  1209958561  22807430               褚斐易        36
456   690608687  22778596            蕾米Remi        36
457     1516482     42270         白桃Shirako        36
458   476676325  21649962        米蕾優channel        36
459    19986917  24343457              与枝老师        35
460   442902274  21573665      紫桃爱音Official        35
461   441382432  21547904      小东人魚Official        35
462    43466186  21742849               峥峥っ        35
463    17907167  22843050          狸哩今天也是废狐        34
464  1241843977  22862504        御宅屋の鱼子酱o_O        34
465  1394476714  23113694        猫柠morning_        34
466  1011812576  23370653              奈奈大芙        34
467   302199093  10000323             稚Yuki        34
468   359081808  13990730            季毅Jiyi        34
469    15998299   6529293                菜藏        34
470   472845978  21613353            有加plus        33
471  1677271465  23319833            尤酱睡饱饱w        33
472  1220621189  22852903      东堂比乃Official        33
473   472877684  21613356            惑姬Waku        33
474     1352646     74571        米哦Official        32
475    20966016  23722192        绫濑Official        32
476  1472906636  22727121            ywwuyi        32
477   434563934  21449068         叶Official        32
478    11300631   1313362          阿嗔Aurora        32
479  1848290057  23404362            灯瑠hiru        31
480  1269309692  24169782            涅梨Neri        31
481    15367591    892762               白银赖        31
482    43187576   1363311            _かがみ_镜        31
483   393457552  21785289              A梦酱吖        31
484  1688076885  22865861               ねこれ        30
485    75094637  23562312              尾巴困困        30
486  1968783589  22926711          茉吱Mojuko        29
487     6716902   2371727          吉鲤yuriri        29
488       88687    449396              w丘丘w        28
489   604738184  23390101         雷米尔Remiel        28
490      323153    609304            小豆芽安雪璃        28
491  1813355484  22830111              水月泉汐        28
492   513273343  21920570           龙西Rinya        28
493   628061724  22371829      神月萤_Official        27
494  1115540220  22973442          夏莉Sherry        27
495   690608712  23550793             友夏Uka        27
496    26398020   7544221       异株湖Official        27
497   663577831  22500194            幼薇喵nya        27
498     3084780    529718          空伶cherry        27
499    36996701   2447665            桂花酒酿元宵        27
500     3063155   1259929            饭咩Meya        27
501     4718716   2303412               鱼鸽鸽        27
502     3301695    872551             电鸟个灯泡        26
503   556027338  22757605        Yumi和烟璃の日常        26
504   688492564  22529153            婕婕才是姐姐        26
505    92610220  24319484              你群离岛        25
506    96975902  23680570           是悠姬Yuki        25
507      408696   5631165            浥昕sora        25
508     5106924     76326        桓信Official        25
509      492862    566227      阳向心美Official        25
510   180247922   6116476         无趣Kirisaa        25
511  1285890335  24088644        海德薇Hedvika        24
512     8247516  24093696              花田田甜        24
513   346381116  12624443              樱庭香草        24
514  1089059487  23089686      星奈铃-官方WACTOR        24
515  1242456361  23069606      长月春雪_Channel        23
516     1869304   6632844      孙有劲Sunyeojin        23
517   517746113  22055164           御剣莉亚-官方        23
518    81534454  24003630              曲莓团子        22
519   666726802  22470204            瑞芙Reve        22
520  1468007004  23362558              望月理莎        22
521  1055615738  23245332           莉莉洁想吃点心        22
522  1731037094  23113220         月野木罗_kira        22
523    14493990    863065               韩未晞        22
524    13821638  23139505           舒听酒要努力呢        22
525   272983835   8043184          魔法少女喵月月酱        22
526  1278321533  23786670            椰乃不是椰奶        21
527  1687861308  22695385              晓曦超甜        21
528  2111566071  22874107            小禾mohu        21
529   436693674  22159299      早濑弥生Official        21
530     6483727   3558274        小恶魔channel        20
531    97340936   4012961       S1娘Official        20
532   525978277  22078423               千亿呀        20
533   324607600  11771685           翎洛Likeu        20
534  1914655751  24467094         爱宝Channel        19
535    13374691     60841            2000两千        19
536   442426299  21799389      琴吹夢_official        19
537     7341215   1552519              你的迟叶        19
538  1494451119  23065710               小馋狮        19
539    15076745    364027              彩虹酱哇        19
540    35819875    515759            宋三岁sss        19
541    24626465   6519380     半糖果茶_official        18
542  1094889067  23136093                雪理        17
543  1353739557  22718711        长绾raffaele        17
544   120279132  22598262      猫ゐ咲夜official        17
545   541696090  22340341           早见咲Saki        16
546      515455    602744             奴良睡不醒        16
547   431473020  21426806     初焰Hatsuhomura        16
548  1865791469  23625060         橙歌歌睡不醒OvO        15
549   474593911  21622688           _慕斯Muse        15
550   350832135  14694991          路人AAAAAS        15
551    22765153     70808              那神银酱        15
552   666726803  22470189      伊莎贝拉Official        15
553   474369808  21696957        度人Tabibito        15
554     4071581   1050301           小毛拔了个火罐        15
555   391614061  21300316           日月咪玉-官方        15
556    16518078    448395             莫奈睡不醒        14
557   414827620  22257854                团奈        14
558   340345723  23806497             阿雾睡不醒        14
559    44903085  14197798           安晴Ankii        14
560     3303103    519052             机动型青空        14
561   516481950  22453062              海杰HJ        14
562   421347849  21415012    白百合リリィOfficial        14
563   286914392  23193752                秋淩        13
564  1226750038  23141734              木熏熏吖        13
565   381439252  23031625            兰笛Saku        13
566  1411553322  24469153            侑萝Yoro        12
567  1086675151  23942393            言彦_SAY        12
568   374017536  14239687          女巫Vivian        12
569   386900246  21304638      神楽七奈Official        12
570     2954058   7791548              阳口沙织        11
571  1322881625  22705839             巫沐Umo        11
572    21682845   6171178           犽犽是个小憨憨        11
573     1576121   4895312          帕里_Paryi        11
574   420249427  21403609            琉绮Ruki        11
575      314993     58593    橘柠院Jny_砂糖橘Soda        11
576    77817759  24334336       特蕾莎Theresa_        10
577   104602477  23913870           OoKami君        10
578  1613609207  23931597     神本樱奈_Official        10
579    11187227  12320762         铃月澪Azlier        10
580   489772340  21772091           阿尼_Arni        10
581     2141162   2885077  五十岚佳乃叶KNHChannel        10
582     1850809    298094            墨白siro         9
583  1357287708  24893910       胡锡子Official         9
584     2523666  21110343             艾晓萌萌萌         9
585     4506529   5179685          Maru不是马茹         9
586       90873      5424              内德维德         9
587    19462294   3777439               柠狐柃         9
588  2123801125  23105517          星谷呜冬Udon         9
589   456749835  22782192      阳夏诺诺Official         9
590  2059039611  23375836        梨茉在数羊_momo         8
591   522045311  22029628        柯柯Official         8
592   479193165  23683349         卡露比Karu8y         8
593  1658229747  22760722            柚叽Uchi         8
594    14634764     37799               英短喵         8
595    19366645    473323              悅音幻絲         7
596  1821760400  22905754            阿珉amin         7
597  1081765694  23208247            花梨梨爱鹅笑         7
598   237256572   7511203             折扇想睡觉         7
599    11181582    100963              -流仙-         7
600    34237849  22802744               千代茨         7
601      165375  23146138           阿凌Ringo         7
602    21025175  22895029             芝麻狐狐-         7
603    49563331  22860878              蚕弥哒哟         7
604   430219038  21660284       希贝尔Official         7
605   488970166  22030718            花谱_kaf         7
606    10030059   3858888              伊月猫凛         7
607   393595532  21157374         转生成骸骸子这档事         7
608   490331391  21763344           沙夜_Saya         7
609   364225566  14578426         战斗吧歌姬官方账号         7
610      542746    653547            丨Keepo         6
611   670473494  22478114             慕橙mmm         6
612  1780983970  23013064   Saku悠娜-official         6
613    47868246   2241806            戈洛Glow         6
614     1480838    759938    EricaZehnt_埃莉卡         6
615      461809    962983            一只皮皮熊呀         6
616      373263    709219         旺财Inukami         6
617   358695457  13576775       小虾鱼Official         6
618  1315573139  24087754         罗兹Blazing         5
619   651402196  23769635            今朝尘尽光生         5
620  1679938687  24122168               段段嗷         5
621  1330766232  24137142               冰兔w         5
622  1620923329  22622469      琳_千鸟Official         5
623  1677301717  23038420           由咪Kyomi         5
624        1398    562257      灵源道长Official         5
625    24892274  12276581               风沫语         5
626      269558    544624           pipi-萍萍         5
627     8119834  12770821              千草はな         5
628   628292881  22389314         卡欧斯_Chaos         5
629      199915    435048             空风Kuu         5
630   523133310  22663131       雅丽斯_Channel         4
631  2103954767  22846258          阿莳Komaki         4
632       37328    180696         卡欧莉_KaOri         4
633    27651919  23948328           栢岚Cx330         4
634  1434286779  23715321       二朵Akirakira         4
635    85297446   3331468            星奈viky         4
636    21258448  11669208              西汐xi         4
637  1825301994  23118493       漪月灵-Aether-         4
638  1108865507  23071105             歌手艾七月         4
639  1147353799  23043489              神木潼潼         4
640   636674318  22908657    虚研社经纪人Official         4
641   471226936  22039777               滑稽猿         4
642     3076830   1559211             账号已注销         4
643         693  22348429             赫卡Tia         4
644   558984017  22414924            自己的高仿号         4
645   524279657  22197280            猫小鹰Owl         4
646     7961896   9591764            荔枝呀qwq         4
647     3022597   3668504             露馅eer         3
648  1723100461  24044804      琥珀玲_Official         3
649  1090010845  22622290    艾瑞思_千鸟Official         3
650    96230774  22564918              宅喵阿桃         3
651  1010093017  23173129         马太Mastest         3
652  2112973233  23075120          约修亚Yocia         3
653    49653129   1522963       stage1st宅社区         3
654  1472782154  23080567            瑠瑠帆るるほ         3
655    87429152   4917068             俗语不可说         3
656   495707763  22934515        只只Official         3
657   431311100  21417013          月见_tsuki         3
658    12823143    290127    瑠璃川こはくofficial         3
659   473764233  21627536      田汐汐_Official         3
660   595407557  22359795         菜菜子Nanako         3
661   337827661  11575621        陆婉莹GodRiku         3
662      517601   1156041             账号已注销         3
663     4191585     18574              刹那仮想         2
664  1829633422  22930316       珂珞哲official         2
665     1769578   1539872           俊俊子会rap         2
666  1224180222  23852833           喵喵是只流浪喵         2
667   228167069  23023985             林黛玉ww         2
668     5860011    992582        九尾的夜猫-Neko         2
669  2097219437  23733603           灵灵乃reno         2
670    15883143    426024            爱摸鱼的人潮         2
671   686960404  22587407         园子_Sonoko         2
672     1523623   3668335           紅やAkaya         2
673  1943950465  23609888     MONA-official         2
674   334537711  13747625     艾白_千鸟Official         2
675      383599     15949            高町丶薇维欧         2
676  2036015357  22776501        利泽特Lizette         2
677    66692456  22915135         诺莉尔Nolier         2
678   686665614  22845214           羽宙Uchuu         2
679   474856218  21981503            奈璐Naru         2
680  1617739681  22791567            立花遥はるか         2
681     1974326  22668828         Moririnnx         2
682   124025181  22386431       水龙敬Official         2
683    17059522   1495477           幻想乡的琉璃猫         2
684   476903292  21666922     佐久間ねむOfficial         2
685     9074616   3448101                元・         2
686   455916618  21571739            无理MURI         2
687      820535    718548          默磷Mayori         2
688     6055289    947447       高槻律official         2
689     1740548     26283        小伞一把Kokasa         2
690     4450868   1413570              八宝酱阿         2
691   276436402  22685598               难欲别         1
692  1332334128  23800880             飞絮小仙女         1
693  1891728206  22623163   Coco_千鸟Official         1
694  2108532315  23509601       林野星Official         1
695   480723986  22840221             苏苏酱鸭l         1
696   479768577  23084763             苗苗Mio         1
697  1462858376  23108224        如壹的全宇宙唯一小号         1
698  1824597784  23212019      米露提亚Official         1
699  1401208510  23008996             豆子Ayo         1
700  2132566155  23138488         帕米尔Pamirs         1
701    95334691   3821208              是沐釉哦         1
702   342566986  22918406       云螭月_Channel         1
703   332093364  22860013        汐音_Shione_         1
704  1589117610  23001181          朝海沫霓Moni         1
705  1910896691  23057716             账号已注销         1
706   429982753  22323231            四季折の羽_         1
707   646432928  22918711            路理Kuri         1
708  2143967328  22768399         纪代因果_Inga         1
709     6268594   3695068             鹿仔酸Q糖         1
710   496600848  22602225           甜梦少女卡莉酱         1
711     8363141  22242682             账号已注销         1
712      828468    727143          烛子_ikina         1
713      738497    909090            希叔不会喝酒         1
714   427061218  21618129          夜霧Yogiri         1
715   451066708  21602686       新科动漫Channel         1
716    32589074   4872086      草加陆人laiciffo         0
717   398046086  21230298           湘灵是只小狐狸         0
718   216905835  22906028             原神の兜兜         0
719   492762252  23903294               大船记         0
720     2308730   3570974       xxxXx_X_XX_         0
721  1899937919  23429625                嫣珑         0
722    94923804   9195983                恺゛         0
723  1996270842  23551913              炽琳11         0
724    11951064   1138328             被遗忘者1         0
725   416614876  23365188     米尔帕斯_official         0
726  1847726295  23376684          尾绒Aurora         0
727   486997652  22692115              水卜泡泡         0
728    14382057  21513354            爱德华EDS         0
729  2014624029  23363777            残暴樱桃小熊         0
730  1865862406  23250283          恋野萌萌momo         0
731   252597833  13854915           夏日限定菠萝猫         0
732   697964606  23107894            爱吃的萤火酱         0
733     2108977     47325               葱白君         0
734  2099635516  23229192          白床Perori         0
735  1552531961  23236287             黒霧にいろ         0
736       44469    744732    柩Kyuu_Official         0
737   550899722  23146219             鱼遥Yao         0
738   367295017  23320407             账号已注销         0
739   299211960  13381293         异世界的暮卡er_         0
740  1585320184  23319825             账号已注销         0
741   698094102  22573826            我不好说了捏         0
742     2139677  15161590            转生中-南川         0
743     5471378    481086            可以哦___         0
744   104980443  23096939         瞳official         0
745  1928217508  22943224            代号-202         0
746  1606577455  23190727      妙善公主Official         0
747  1583690517  23148607            纪律部南波兔         0
748  1994541396  23095291    库拉里罗滋-官方WACTOR         0
749  1237746158  23104974               小夜铃         0
750   389052735  22443116             鹿鹿西米鹿         0
751  1451827196  23133856             账号已注销         0
752     8063267   5291090           米米米M米花糖         0
753     1590297     17368               缱落铃         0
754    95286968   3923040          阿贞zzdrws         0
755  1315935808  23124800        绿绿official         0
756   304538761  14370788   世界猫Nia_Official         0
757    14874566   1210217              织诺红莲         0
758  1801375919  23104752             账号已注销         0
759   437073522  23064003          歌奈pigeon         0
760  1820277537  23101371             纱柚sau         0
761   436823223  23045312       茨少凌_Channel         0
762  1043321643  23084794       STOP0000011         0
763    83340815  14754466            极北的狸喵酱         0
764     7801382    291509               啊朔丶         0
765  1434788295  23012235       STOP0000012         0
766    39796923   5261059           程Rizwan         0
767   688898768  22531409             账号已注销         0
768   375370414  22213220           蜜汁de自信i         0
769   646658134  22888048         或许爆爆就是金克斯         0
770  1661076923  22821806         私Official         0
771   690608701  22778617          犬童Kendou         0
772     1359996    664481       南宫灯official         0
773   647575049  22553538     月见里朔良Official         0
774    11850816   1437304        VECTOR_维克特         0
775    32365653   2659281            慕瑶的花花哇         0
776   486618657  21720301      月兔华-WACTOR官方         0
777   247652554   9934974              网友小鸢         0
778   483419193  21776474      新月岚_Official         0
779  1103073471  22671791          小豆沢Azuki         0
780  1599316734  22667136         Nokooooo_         0
781    34019939   3820990           卡琪酱Taki         0
782   474593912  21622694      超V学园_白祁Seven         0
783   642588972  22409418      佐仓旬夏Official         0
784   442655565  21503113       芙栗希娅Felicia         0
785   436596837  21463227       家长麦Official         0
786   652240042  22485731   闪光Pika_Official         0
787    94928549  22485622    贝伦修坦因_official         0
788   625255764  22439372           新账号在置顶里         0
789    73544914  10666184           橘栗_July         0
790   471308347  21664698        寿寿歌_suzuka         0
791   389858027  21130785      百鬼绫目Official         0
792   624252710  22349494      狮白牡丹Official         0
793   370687588  22111428            花留Karu         0
794     2154078    614957           真的不是那个酱         0
795   474593910  21622687        超V学园_林伊Eli         0
796   354411419  21618138          希薇娅Civia         0
797   479965355  22210240   萝卜蘸酱_机萪Official         0
798   434341786  21452118             账号已注销         0
799   511613155  21908196          阿媂娅Artia         0
800   511613157  21908222        罗莎琳Rosalyn         0
801   511613156  21908209          朵莉丝Doris         0
802   491474048  21752681      天音彼方Official         0
803   456368455  21641569               黑桃影         0
804     7688959   9565979         爱吃瓜子的薇一er         0
805   332704117  11588230      白上吹雪Official         0
806   336731767  13946381       夏色祭Official         0
807       98181   4418655       菫妃奈Official         0
808   373493702  14110147             兰若_Re         0
809     2350845  21349375            咩咩咩咩呀咩         0
810   375504219  14917277     湊-阿库娅Official         0