            uid   room_id              name  guard_num
0    1673137696  24731561  Luca_EN_Official        793
1    1660392980  23771189             恬豆发芽了        611
2     698029620  22696653           兰音Reine        455
3    1734978373  22696954         小柔Channel        453
4      36081646   1546736               洛天依        425
5      43272050  21646457       穆小泠Official        410
6      14897804   7953876           宴宁ccccc        399
7       9066351  21737386            塔克Tako        349
8    2094031249  22748536             火羽ひのめ        340
9      18932485    437817             顾子韵_w        332
10    479633069  21677969          秋凛子Rinco        332
11    488836173  25411285       yoyo鹿鸣_Lumi        330
12   1643484295  22900071           岱川Doris        318
13       477792     24393               雪狐桑        293
14    380829248  14327465          花园Serena        285
15    505183397  24143549          桃宝Momoko        279
16   1377212676  23945583       永恒娘Official        273
17   2006452883  24778741         路希维德Wiede        265
18     11431931    675014          ninnikuu        263
19       510047  22333522         伊万_iiivan        262
20   1501380958  22746343        艾露露Ailurus        260
21       518817   5169315                早凉        257
22     39267739   4316215       铃音_Official        253
23   1802011210  22758221      夏川玥玥Official        251
24    574317507  22210372         香取绮罗_kira        245
25      1612112   1321846        夏诺雅_shanoa        243
26       922573    251015          黑泽诺亚NOIR        239
27    441952268  22014628          五月织姬ctsu        232
28       780791   5561470            Mia米娅-        228
29      3985676    947866            扶桑大红花丶        222
30    613345189  22344968          蛙吹Keroro        220
31    591892279  22889484              希月萌奈        219
32    698438232  22673512                扇宝        219
33   1219196749  23303212         唐九夏还想再躺一下        215
34    421267475  21403601            艾因Eine        213
35   1243266187  22742508    林莉奈RinaHayashi        210
36      2100679     56237            还有醒着的么        210
37    484322035  21712406     AIChannel中国绊爱        209
38     54191665   8643223       木糖纯Official        209
39   1359949418  23224539            小小约yoo        206
40   1958703906  22894962            靡烟miya        205
41    399815233  21728563         烛灵儿Hikari        205
42     15641218    573893        帅比笙歌超可爱OvO        203
43   1875094289  22754458      小铃久绘Official        202
44    631070414  22389206              折原露露        195
45    480745939  21696953            罗伊_Roi        193
46      1697694    602283                蝶太        185
47    671538942  22571722           黎歌Neeko        184
48        52522    850221               露蒂丝        182
49       163653    162180   尼奈nine_Official        177
50    283886865   9234980         说说Crystal        176
51     13089665   1223832             橙子miu        174
52       620903    870004        泰蕾莎Channel        174
53    434401868  21457197              中单光一        174
54     51030552   1603600            星汐Seki        173
55   1856528671  23256987            陆鳐LuLu        171
56    107609241   6461515       VUP保护协会-青叶の        168
57       899804    411318          红晓音Akane        168
58      1521415     81004       艾尔莎_Channel        167
59    372984197  14052636  夢乃栞Yumeno_Shiori        165
60   1950721001  24817507             天天Ame        162
61     13630808    362064               顾疚疚        161
62     11253297    392523            多多poi丶        161
63      6747203   3428783       绫濑光Official        159
64       117906     11306        阿伊蕾特Ayelet        157
65   1484169431  23805029          雾深Girimi        157
66     17661166  21925332       鈴木玲子_Suzuki        154
67     18075705   2757197               夜然z        152
68   1011797664  24697117          卡缇娅也不知道鸭        152
69    313248263  10413051       宇佐紀ノノ_usagi        152
70    476725595  21775601            西魔幽Yuu        152
71   1294678093  25166222          杜铂雷Dobre        151
72    690608709  23550749             尤格Yog        150
73    690804827  22545602        花满Official        150
74      8881297     55634        钉宫妮妮Ninico        150
75    396316042  23199554   羽咲Rabi_Official        149
76     24957521   4726132            吃肉包的怂鼠        149
77      5659864   2064239               鹿野灸        149
78   1544125954  24731569    Mysta_Official        148
79   1461176910  23965761           量子少年-祥太        148
80   1437582453  22816111       東雪蓮Official        148
81    193558681   5391723              激辣味噌        147
82    690608714  23805078          狩砂Karisa        146
83    398655122  21713184               莫熙呐        146
84    477317922  21672023            弥希Miki        146
85   1942864208  24827493          卡萝尔Akuma        144
86    703018634  22605289         莱妮娅_Rynia        144
87   1376650682  22857429        葡冷尔子gagako        142
88    121487111   4585823               东野凹        139
89      9923775    925758               柯暮卿        137
90     28278764  23578004              织月黛黛        137
91    471460273  22195814           杜松子_Gin        137
92     37502021   4536168             奇奇Qi7        135
93   1768094747  24153954               安纪亚        132
94     57871034  23246736               栀小朵        132
95     12939237    264788              有棵里里        130
96       186463    337374              綾奈奈奈        130
97    623441612  22347054      椎名菜羽Official        129
98   1089059487  23089686      星奈铃-官方WACTOR        127
99   1584039005  24954295              星见汐娅        126
100     4176573    870691            Akie秋绘        126
101      607286    757349              i御十二        125
102   593793031  23854724           泉鹅Izumi        124
103  1164975438  22809132            幽乜Yume        124
104        7966    597450              花园花玲        124
105    35231887    469803              星海玲奈        123
106  1155425566  23805066           希侑Kiyuu        123
107  1308967115  23029299              鱼一YY        123
108   181998984  10956073              果糖含量        123
109  2049968320  23343237               夏卜卜        122
110     2878144    708397        鹤祁_Tsuruki        122
111  1657906522  23696756              花雨春绘        121
112    16907771  23158413           雪虎Black        120
113     2341174    918717                池年        120
114   473513205  21611039          夏可可_Kero        120
115  1220317431  25290861              凜凜蝶凜        119
116    30507713    444084             小小小小玟        119
117     7758230   1376191              亦之紫F        119
118     6699767    713435               未未昭        119
119      659401     19064                荀异        119
120   225347042   9162799       九重紫Official        119
121   480432362  21685677               鈴宮鈴        119
122   602724685  22300771         雷岁_Raisai        118
123    13199099  21724277               植物椿        117
124     3188835   1766019             叁仟院可奈        117
125   509050400  21879412            雷柏磷ボリン        116
126   321650277  24833274          凤小七seven        115
127     5986897   6204892           绫月汐Shio        115
128  1846208014  22864117        盖乃希亞Galaxy        115
129      610390     14893     乌拉の帝国Official        115
130   698168210  23094410       画外灯official        114
131    34815578  23116807          りんうらん霖雨蘭        114
132   484660274  21706862       七咔拉CHikalar        114
133   699327470  22578273             蜜汁粥粥_        114
134  1355412269  23075997           随一Suiii        113
135  1802654492  23777594              七禾いえ        113
136  2126507529  23527503            蒂莉雅回家家        113
137  1734677911  23245990             酒菜禾子呀        113
138   576858552  22323445           毬亚Maria        113
139   525105971  22067425       紫海由爱Channel        112
140   545530293  22563900            饭团喵にゃん        112
141   686241472  22520319               团小哈        112
142   529341976  24334012            奶芙wuhu        111
143  1202416628  24255210            眠特Mint        111
144      731556     92450             綾音Aya        111
145   690608693  22778610          勾檀Mayumi        111
146    17794913   1033927             猫辞猫辞猫        111
147   434662713  21448649  NoWorld_Official        111
148  1927037753  23261911            纱鱼sayu        110
149  2007781080  22989215      天曰小雏Official        110
150     1401928    924973               火西肆        110
151     1780645    540024    粉黛乱子Capillaris        110
152   618107325  22334596            阳阳不想熬夜        109
153     2093232    994304              轻叹ww        109
154    12862137  21359166        鹤羽Official        109
155   194326389   6203304              兮子cc        109
156  1141334416  25155352      齐格鲁_Official        108
157  1939568047  25100511              沧海月萌        108
158  1809810330  24188245             摩亞Moi        108
159    12450452  22262300              人间蜜药        108
160   282875499  22387734                衣娅        108
161    11655582    924325                鵊鸣        106
162   410689349  22054199              仙女安_        106
163      749499    915110          神咲乃希NOKi        105
164   697737710  23369901          蝶蝶Hikari        105
165    58485079   2098875              温之九丶        105
166   703068520  23296355          想不长肉的喵小泽        104
167  1816182565  22898905        珞璃Official        104
168   292838396  12845193              鸢尾牙牙        104
169    12497617   4788550             胡桃Usa        104
170    37756047   1352574       申岚_Official        103
171   324884920  22320946               江壹纯        103
172  1394160176  23808442         纱音_Syanon        103
173  1383815813  23221095           吉诺儿kino        103
174     2240157   3471186               姬野青        102
175   393885664  22882574            诺可Noko        102
176   416622817  21413565         步玎Pudding        102
177   558070433  22389319        千春_Chiharu        102
178      744713   2611014       雨宫水希Channel        102
179   109564538  23631708       夜雨_Official        101
180  1282271864  23459804            自由魂儿儿儿        101
181   176528442  23086860              三宝iu        101
182  2115139772  22877717        莉莉幽ririyuu        101
183   503026492  22696219           七个喵Nana        101
184  2052064438  22824550            罗菈Rola        101
185  1069108539  23472646     小鸟游杏子Official        100
186  1802937912  24846830       Valentina蒂娜        100
187  1006140314  24921679     瀬兎一也_Official        100
188     4718291   1155608         花见汐梨Yuuri        100
189   589799673  22671467           艾妮娅Enia        100
190  1048861669  22700047         人形冬萌_Tomo        100
191  1386545245  23667609     犬卷日鞠-官方WACTOR        100
192      720964   1521498           你的可樱已上线        100
193    17511965  14343955            咦我的头发呢        100
194    96264399  23129160        和水_nouille         98
195   551527845  22810269            迷柚_mio         98
196  1795716989  24967779          阿鹤-Crane         97
197    11399495   4910271               鸽一品         97
198  1296133469  23332935          路菲比Febee         97
199   353361863  21514463            七濑Unia         97
200   689840611  22950737             蟹宝没有钳         96
201  1543083238  24160882          纱箬sariel         96
202     4447907   4076610           不想睡觉的洗洗         96
203   477342747  21672022         星弥Hoshimi         96
204    25032753   5312656             果汁erR         95
205     8760033  14846654              小司无常         95
206  1819548520  24906576            桃酥Momo         94
207   272705818  24399819           仓仓爱吃牛肉干         93
208   702411002  23351434               怦怦梨         93
209  1678686361  24837306          Sandy睡醒了         92
210  1570795034  24564657              咩也爷_         92
211   109834414  24492364              井上鸢御         91
212   503801557  23778409     猫姬琥珀_official         91
213  1697848019  23490978           赤五教教主亮亮         91
214     1750561   8721033               蜜球兔         91
215   423902976  21603945         Minicatty         91
216   652298653  23234552       餡蜜椿official         90
217    11771366   1114551           莉夏Lecia         90
218      210628      5229          MKiiiiii         90
219    11012265    287083            阿璃_Ali         90
220  1993395129  22967698        散華藍SankaAI         89
221  1230039261  23905374           量子少年-慕宇         89
222      264161    837039        ❀Sakulaˇ小舞         89
223     1363457   1487005           米团团Miho         88
224   472848826  22404256           纱世_sayo         88
225   599254182  23246975            冰淇柠QAQ         87
226  1968783589  22926711          茉吱Mojuko         87
227   316381099  15152878             鹿乃ちゃん         84
228   394593891  23605152       黑岛麻由_online         83
229  1680646141  23116434         连理今天也好可爱嗷         83
230   370200323  22709591             嗨嗨多吃点         83
231  1315870194  23106228           芙拉_Fula         82
232  1533406766  24448785              明夏珊海         81
233     5482095     57437                碳鸽         81
234  1674274422  23098405            小语若mua         81
235      317000     10545          adogsama         81
236    75937648  21725187         子花酱Hanako         80
237   664047468  22772718            莉姆丝OvO         80
238   516678537  23300805             C叔小酒馆         80
239    67246581  21711976        凉米饭Channel         80
240   160450916   5293697          小风铃是只咕咕狐         80
241  2064099563  24762598           茂Sigeru         79
242  1343252680  23582081            竹已Take         78
243   230487728   6615406           嚼着软糖想昵称         78
244    12325132  22325853             奈一睡不醒         77
245   602200741  22288644           瓦妮Vanee         77
246  1451797925  25148241               尹青依         76
247   410124536  21368856             阿黛不太呆         76
248  2140412037  24485048               晨悠光         75
249  1880188304  23797026     樱咲奈央_Official         75
250       29080  12576972           无前Namae         75
251  1512788587  23388273           诺娅Sukie         75
252      425286    292397      巫贼_ikataruto         75
253     7482932    197082               倾瓷v         75
254      234782    544625            祈Inory         74
255   514600263  24483629             桃雾mio         73
256  1630494154  24715515            蔓Aoede         73
257     1595005    450956            录音姬阿童木         73
258   470085432  23128657       派萝喵Official         73
259    39952788   7619799        羽蝶酥酥今天被吃了嘛         73
260      529249    282208             诺莺Nox         73
261   606293627  22625077         月兮Channel         73
262   666726801  22470208            勺Shaun         73
263     5005968    866400             米白zzz         73
264     1743015     40195           星越Koshi         73
265    11416708  23348061              九奈猹猹         72
266     1278545    175965        格蕾缇娅Gretia         72
267    27231887   1496588             轩喵与砂奈         71
268  1095803401  23710136         小春_Koharu         71
269   258875006   7202100         溯月Sotsuki         71
270  2009235986  23093993         戌夜初Hajime         71
271     9361427    905813               清則子         71
272  1288036991  24411398           小惹Azure         70
273  1518296186  23501664          莉奥拉Liala         70
274   591843065  23587027         天海今天又懈怠了呢         70
275  1112031857  22924075           薇Steria         70
276   325907302  22404898            冬日不要酱子         70
277   397244810  22661866             偷偷Toi         70
278  1132553462  24471858               烛宝哒         69
279    35565205   4375036               茭白柒         69
280      741520     33942        茶冷_Channel         69
281  1216158888  23784861            果奈suki         68
282  2119815078  23626594          安蒂维娜-克莱因         68
283    27554691   8816397        熊崽_BearRRR         68
284      545511     10360             速冻猫犊子         68
285     3526739   1921106              绯叶明依         67
286   674839637  22537284                黎耶         67
287    14350494   4215185       犬山奈奈Channel         67
288  1926156228  22608112         希亚娜Ciyana         67
289   690608704  23017349           桃星Tocci         66
290   527004636  23138650        叶月_Hatsuki         65
291   400421892  22839866         惠惠_Megumi         65
292     2679304    874479           卦者那啥子靈風         65
293   690608686  22605463            茉里Mari         65
294      640283    806683             花洛栗栗子         65
295      512480     29183            YUKIri         65
296   477306079  21672024         真绯瑠mahiru         65
297   485558969  21716679              乔依姑娘         65
298   441315555  22582590          神代祐希Yuki         64
299     9736638   2206397              星野琳奈         64
300     2128310    399854             夕兔_H2         64
301   385281102  21749031         紗耶_sayako         64
302     1583472     24125           鲸落落raku         63
303  1372936974  24441860   可妮Koni_Official         63
304    14405936    331747          必不可能鸽的青璃         63
305  1042854135  23594422  ShizukouOfficial         63
306     2650919   3525213           凛-阿格里亚斯         63
307  2123631024  22865391     辻蓝佳音瑠_channel         63
308      649833     45940             茜茜甜兮兮         62
309  2093872604  22976643           五条软yuki         62
310   303246676  10049827             栖苑太困辽         62
311   569192826  23084015       沙口酱official         62
312    21374533   1221274         彼岸霜滢Eliro         62
313    23100916  23148857        诺诺nono_nya         61
314     8171802    753667       风吟蝶_Channel         61
315     5816642    790566        星谷樹_itsuki         61
316  1273319763  23095176                璎绯         61
317  1209958561  22807430               褚斐易         61
318  1705007318  22920508    星ノ宮春鈴_Official         61
319     2239559  10877511  Mira恶魔米拉official         61
320     3149619   3822389   有栖Mana_Official         61
321  2042629175  24963677    范塞尼尔_VamSenior         60
322   480248442  22381346           北柚香Yuka         60
323     5870649   2052325            玫瑰先生LS         60
324     9264492    681838     杰池莉尔-Succubus         59
325    74617154   2996680          倪奈奈变欧亿点点         59
326    61639371  21484828     轴伊Joi_Channel         59
327  1422451239  22715167             软萌布丁酱         59
328    47791562  22861834            赫拉Kris         59
329   690608691  22605464          千幽Chiyuu         59
330   571841213  22205953       三日暦Official         59
331     5374546     57018                望神         59
332     3774410   1960179         樱饼饼Sakura         58
333      334299     34587                零太         58
334   474593909  21622680           花玲Karin         58
335   399923919  23426285              姜南星_         57
336  1878154667  23771139          沐霂是MUMU呀         57
337    16059520    452450     五彩呆鸟咩Official         57
338  1030723991  22927644          瞳瞳要好好学炉石         57
339      323153    609304            小豆芽安雪璃         57
340      839059    739818           妮特_Nito         57
341   128912828   4767523             沙月ちゃん         57
342  1810786106  24063763              千岛尤樱         56
343   395865658  22454728             茅山张懋衍         56
344     1344144     97558       免免_Official         56
345   494850406  21990617      白银莉莉Official         56
346   217922247  21296254              筑雨未晴         56
347  1658766768  22821718               午哞哞         56
348      249243   8688111    小豆沢あずきofficial         56
349    13908542  22251977       柊真华Official         56
350   180035670   5298167            皮卡少个丘w         55
351     1352646     74571        米哦Official         55
352     7723009  21356899          这碗鱼Katie         55
353     4763529     40529        幽灵事务所_XPEC         55
354      487902   7595278           召唤师yami         55
355    26541399    360169          鹿子kanoco         55
356  1863644136  23240551            弦羽Hane         54
357  1880355910  23520070              秋月盈儿         54
358   690608690  23260932          恋诗夜Koxia         54
359  1070733875  23238218      怠惰V_official         54
360   392505232  21224291    安堂いなり_official         54
361   661461705  22487947      莉莉安_Official         53
362   377042295  21594123              挽歌歌_         53
363   690608702  22778627       九十九_Tsukumo         53
364    94363275  21710273        日向葵Channel         53
365    96038238   4006440            一只帅仆桑呐         53
366   487550002  21811136     猫芒ベル_Official         53
367    11137181   4109869        伊莎蓓尔Isabel         52
368   677797838  23392623           梦萝Sweet         52
369     4365978    193520              一支橘猫         52
370      477007   3649650         Sawako碎花子         52
371      835644    735709        卡农_Channel         52
372    34423885   6485126            耳可Milo         52
373   513273343  21920570           龙西Rinya         52
374      846180   3012597          喵田弥夜Miya         52
375    25487242   5389469              兮兮兮唐         52
376       91352   2853663      心羽萝妮Official         51
377      278296   8641515               橘绘理         51
378      597701   1375798         压刹channel         51
379    41461068   9618253       艾诺斯Official         51
380    16217876   7768761          白夜小鸠Hato         51
381     4098782  22032167        星野綾乃Ayanya         51
382    15225468  23389000      辛西娅_Cynthiaa         51
383    12945093    497517              冬雪沫沫         51
384   692611676  22601447             井野川歌铃         51
385     8558528   8726118           清濑冰ices         50
386      398431  24173090        塔蒂娜Tattina         50
387      128552    283870   JimDez_Official         50
388     3614240  21700355               御司司         50
389   484451346  21706254         绚辻眠兔Minto         50
390     7591465    873642            里奈Rina         50
391   286113280  21742155              望月希咏         50
392  1968342232  24538373            曲奇Aria         49
393      795926  24022621   铭音MeIoN_2022稿期满         49
394   157330863  22041958      神奈希_Official         49
395  1553780731  23965951          许亦真_REAL         49
396    49142760  22815234        咪诺今天也要元气满满         49
397  1899153123  22787192       芒崎小吉Channel         49
398   690608694  22605466             伊深Imi         49
399   582225536  22286296             麦芽不甜_         48
400   493885362  23195139          岚墨_Holic         48
401   476676325  21649962        米蕾優channel         48
402    21693393    370468            幽灵车尔尼桑         47
403  1121411561  22935036                万灼         47
404  1263271233  22993378            铃伊_Rei         47
405      168210   7478830          沧棂Soleil         47
406   323774877  21732370           星陵Betty         46
407    13158687   4339349           超绝卫星轨道炮         46
408     3328498   2416317             祁宝困兮兮         45
409   529107543  23099155               fa漠         45
410  1489377760  23017641          竹月芽Meiya         45
411   302199093  10000323             稚Yuki         45
412    38271760  22682795        淩钰Official         45
413   690608706  22605469      田野柴Tanoshiba         45
414     5106924     76326        桓信Official         44
415   690608687  22778596            蕾米Remi         44
416   482911295  21712635   绮良kira_Official         44
417   387108043  15142311            莉姬LIJI         44
418  1152597935  22720043             星宫魔琉瑠         43
419   323905978  23417026       忧特若丝_Uterus         43
420    44903085  14197798           安晴Ankii         43
421   267439469  22208948          柠檬今天练歌了吗         43
422     8198901   6959050         染染_Ranoca         43
423      147688     35350              lvlv         43
424  1004127267  23648738            芙蕾娅フレア         42
425   341688520  23442130       小无濑紫_violet         42
426     1516482     42270         白桃Shirako         42
427   472845978  21613353            有加plus         41
428      863287   5224688        天雨Rainfall         41
429  1323227037  23252619         山椒阿露波Arpa         41
430      826393     97687               叶洛洛         41
431   359081808  13990730            季毅Jiyi         41
432   412630000  21348897            亮_Sama         41
433    36576761   6129586       诗小雅Official         41
434   650573749  22506899          尤利娅Yulia         41
435      394936   8725320  盐天使riel_official         41
436    65568410   2516117        管珩心-中间的字念哼         41
437    17907167  22843050          狸哩今天也是废狐         40
438     1926687   1517135       猫川多多道-taku道         40
439  1156637837  23085720             雪绘莉莉奈         40
440   472056419  21596963            阿暖暖OwO         40
441  1834090921  24849407          哟蔻桃桃YOCO         39
442   604738184  23390101         雷米尔Remiel         39
443   336442974  22845802           夜原没有小尾巴         39
444  1181247064  23615209           森川雪yuki         39
445  1703797642  22966160       李豆沙_Channel         39
446  1269309692  24169782            涅梨Neri         39
447    29488539    147488             这里是馍君         39
448     4242014   9170973          满天星Hoshi         39
449   676278201  23337608              -言如惑         39
450  1813355484  22830111              水月泉汐         39
451   472877684  21613356            惑姬Waku         39
452     6716902   2371727          吉鲤yuriri         39
453  1723206278  23985703         希洛伊Shiroi         38
454  1382719257  23517719    咸蛋黄饭团-official         38
455  1535525542  23905421           量子少年-泽一         38
456  1340967709  23149132        花云凛_propro         38
457  1420419918  22745778         浅井有纱Arisa         38
458     2048677   1868279            米见Mita         38
459   442902274  21573665      紫桃爱音Official         38
460  2100944625  22700040       露珀塔_Ruperta         38
461   118754720   4611671               雨街F         38
462   441382432  21547904      小东人魚Official         38
463   410741448  21399689      Milky_Vtuber         37
464    26087398   1016818     猫屋敷梨梨Official         37
465     4911722  22074371     黑桐亚里亚Official         37
466     6000336    550335       AirSAMAdesu         37
467  1701192807  23900853               音离宝         36
468  1394476714  23113694        猫柠morning_         36
469  1803585918  23251345             千零莉露卡         36
470      744031  14009974        蝶蝶狐_Chouko         36
471   180485916   5998426           是姬拉Kira         35
472   135980509  21701071            永远永远酱w         35
473  1688076885  22865861               ねこれ         34
474    75094637  23562312              尾巴困困         34
475  1011812576  23370653              奈奈大芙         34
476  1220621189  22852903      东堂比乃Official         34
477    12120515   2425420   尼奥喵Neil_Channel         34
478    19986917  24343457              与枝老师         33
479    15367591    892762               白银赖         33
480   499276043  23046619        沙利叶_Suriel         33
481      651649   3725076              特莉丝忒         33
482  1472906636  22727121            ywwuyi         33
483   525978277  22078423               千亿呀         33
484     3032688   6760154             -Yu酱-         33
485   434563934  21449068         叶Official         33
486  1848290057  23404362            灯瑠hiru         32
487  1468007004  23362558              望月理莎         31
488   346381116  12624443              樱庭香草         31
489  1757836012  23905403           量子少年-楚枫         31
490    20966016  23722192        绫濑Official         31
491    43187576   1363311            _かがみ_镜         31
492     4861197    311280        雾雨威Channel         31
493   628061724  22371829      神月萤_Official         30
494   688492564  22529153            婕婕才是姐姐         30
495   180247922   6116476         无趣Kirisaa         30
496   650663945  22550560     诺拉Nora_Heitis         29
497  1278321533  23786670            椰乃不是椰奶         29
498   556027338  22757605        Yumi和烟璃の日常         29
499   438848253  21545805            盲盲Memo         29
500  1677271465  23319833            尤酱睡饱饱w         28
501   690608689  23260856          夜宫Yomiya         28
502   393457552  21785289              A梦酱吖         28
503   663577831  22500194            幼薇喵nya         28
504     4718716   2303412               鱼鸽鸽         28
505       88687    449396              w丘丘w         27
506    20875904   4315783         无家可归的流浪鲲鲲         27
507   526071118  22233836           魔法少女真理酱         27
508   688275304  22621413            Zoe_舟一         27
509      492862    566227      阳向心美Official         27
510  1285890335  24088644        海德薇Hedvika         26
511  1242456361  23069606      长月春雪_Channel         26
512    26398020   7544221       异株湖Official         26
513     3084780    529718          空伶cherry         26
514     3301695    872551             电鸟个灯泡         25
515    12070947    944614            见风kaze         25
516      408696   5631165            浥昕sora         25
517    36996701   2447665            桂花酒酿元宵         25
518    81534454  24003630              曲莓团子         24
519  1055615738  23245332           莉莉洁想吃点心         24
520    96975902  23680570           是悠姬Yuki         24
521   474593911  21622688           _慕斯Muse         24
522   690608712  23550793             友夏Uka         23
523    13821638  23139505           舒听酒要努力呢         23
524   272983835   8043184          魔法少女喵月月酱         23
525    15076745    364027              彩虹酱哇         23
526  2111566071  22874107            小禾mohu         23
527   474369808  21696957        度人Tabibito         23
528     6483727   3558274        小恶魔channel         23
529   273245608   8857387        苏宇能有什么坏心思呢         23
530   666726802  22470204            瑞芙Reve         22
531     8247516  24093696              花田田甜         22
532     8156542  23058813          芙蕾_Furei         22
533   350832135  14694991          路人AAAAAS         22
534     3063155   1259929            饭咩Meya         22
535  1687861308  22695385              晓曦超甜         21
536  1914655751  24467094         爱宝Channel         20
537    92610220  24319484              你群离岛         20
538  1405589619  23805059           希维Sybil         20
539   517060084  21970333       一颗芽Official         20
540    97340936   4012961       S1娘Official         20
541   516481950  22453062              海杰HJ         20
542   442426299  21799389      琴吹夢_official         19
543     1869304   6632844      孙有劲Sunyeojin         19
544   436693674  22159299      早濑弥生Official         19
545   324607600  11771685           翎洛Likeu         19
546  1731037094  23113220         月野木罗_kira         18
547    35819875    515759            宋三岁sss         18
548   421347849  21415012    白百合リリィOfficial         18
549  1494451119  23065710               小馋狮         17
550   517746113  22055164           御剣莉亚-官方         17
551   623441609  22347045      凤玲天天Official         17
552   431473020  21426806     初焰Hatsuhomura         17
553  1411553322  24469153            侑萝Yoro         16
554   414827620  22257854                团奈         16
555   286914392  23193752                秋淩         16
556  1226750038  23141734              木熏熏吖         16
557     3303103    519052             机动型青空         16
558   120279132  22598262      猫ゐ咲夜official         16
559   541696090  22340341           早见咲Saki         16
560     3570093   1589452              不举萌栗         16
561     4071581   1050301           小毛拔了个火罐         15
562      214854    755940              山崎薰薰         14
563  1468306600  23556311      皇白璐-官方WACTOR         14
564  1865791469  23625060         橙歌歌睡不醒OvO         14
565   522045311  22029628        柯柯Official         14
566  1094889067  23136093                雪理         14
567   381439252  23031625            兰笛Saku         14
568    24626465   6519380     半糖果茶_official         14
569  1322881625  22705839             巫沐Umo         14
570   391614061  21300316           日月咪玉-官方         14
571     8704649     41769      桐桐子_Official         13
572   489772340  21772091           阿尼_Arni         13
573    22765153     70808              那神银酱         13
574   386900246  21304638      神楽七奈Official         13
575   420249427  21403609            琉绮Ruki         13
576  1613609207  23931597     神本樱奈_Official         12
577   340345723  23806497             阿雾睡不醒         12
578   479193165  23683349         卡露比Karu8y         12
579    11187227  12320762         铃月澪Azlier         12
580   374017536  14239687          女巫Vivian         12
581    21682845   6171178           犽犽是个小憨憨         12
582  1357287708  24893910       胡锡子Official         11
583   104602477  23913870           OoKami君         11
584    96230774  22564918              宅喵阿桃         11
585  2123801125  23105517          星谷呜冬Udon         11
586   393595532  21157374         转生成骸骸子这档事         11
587     1576121   4895312          帕里_Paryi         11
588      314993     58593    橘柠院Jny_砂糖橘Soda         11
589    20411054   4491661            逍遥不逍遥-         10
590     2523666  21110343             艾晓萌萌萌         10
591     4506529   5179685          Maru不是马茹         10
592    77817759  24334336       特蕾莎Theresa_         10
593  1805775534  23569246           北陌-国服貂蝉         10
594      165375  23146138           阿凌Ringo         10
595    10030059   3858888              伊月猫凛         10
596   490331391  21763344           沙夜_Saya         10
597   364225566  14578426         战斗吧歌姬官方账号         10
598     1850809    298094            墨白siro          9
599  1086675151  23942393            言彦_SAY          9
600    21258448  11669208              西汐xi          9
601  1658229747  22760722            柚叽Uchi          9
602   456749835  22782192      阳夏诺诺Official          9
603      515455    602744             奴良睡不醒          9
604    14634764     37799               英短喵          9
605     2652312   6866925           不爱画画的七口          8
606      542746    653547       sweet-Keepo          8
607  1315573139  24087754         罗兹Blazing          8
608   651402196  23769635            今朝尘尽光生          8
609  2059039611  23375836        梨茉在数羊_momo          8
610    21025175  22895029             芝麻狐狐-          8
611    49563331  22860878              蚕弥哒哟          8
612      461809    962983            一只皮皮熊呀          8
613      373263    709219         旺财Inukami          8
614  1679938687  24122168               段段嗷          7
615  1723100461  24044804      琥珀玲_Official          7
616  1821760400  22905754            阿珉amin          7
617  1081765694  23208247            花梨梨爱鹅笑          7
618   237256572   7511203             折扇想睡觉          7
619    34237849  22802744  bili_54896247963          7
620    47868246   2241806            戈洛Glow          7
621      269558    544624           pipi-萍萍          7
622     8119834  12770821              千草はな          7
623      199915    435048             空风Kuu          7
624    29565751  13397917            是你清晨的粥          7
625   670473494  22478114             慕橙mmm          6
626    11181582    100963              -流仙-          6
627  1010093017  23173129         马太Mastest          6
628   430219038  21660284       希贝尔Official          6
629   488970166  22030718            花谱_kaf          6
630     1480838    759938    EricaZehnt_埃莉卡          6
631    13736797    276080           曼曼是只兔子猪          5
632  1330766232  24137142               冰兔w          5
633   378606811  22341433              螃蟹那由          5
634  1620923329  22622469      琳_千鸟Official          5
635  1434286779  23715321       二朵Akirakira          5
636   334537711  13747625     艾白_千鸟Official          5
637  1825301994  23118493       漪月灵-Aether-          5
638    49653129   1522963       stage1st宅社区          5
639        1398    562257      灵源道长Official          5
640    24892274  12276581               风沫语          5
641   471226936  22039777               滑稽猿          5
642     3076830   1559211             账号已注销          5
643   628292881  22389314         卡欧斯_Chaos          5
644     7961896   9591764            荔枝呀qwq          5
645   358695457  13576775       小虾鱼Official          5
646   327549355  11568967       七紫喵official          4
647     3022597   3668504             露馅eer          4
648   523133310  22663131       雅丽斯_Channel          4
649  2103954767  22846258          阿莳Komaki          4
650    13374691     60841            2000两千          4
651       37328    180696         卡欧莉_KaOri          4
652   228167069  23023985             林黛玉ww          4
653    27651919  23948328           栢岚Cx330          4
654       90873      5424              内德维德          4
655  1943950465  23609888     MONA-official          4
656   628835970  23152492           社长今天有点困          4
657     2141162   2885077  五十岚佳乃叶KNHChannel          4
658  1108865507  23071105             歌手艾七月          4
659   473764233  21627536      田汐汐_Official          4
660         693  22348429             赫卡Tia          4
661   558984017  22414924            自己的高仿号          4
662   524279657  22197280            猫小鹰Owl          4
663     1769578   1539872           俊俊子会rap          3
664   686960404  22587407         园子_Sonoko          3
665      383599     15949            高町丶薇维欧          3
666  1090010845  22622290    艾瑞思_千鸟Official          3
667  2112973233  23075120          约修亚Yocia          3
668    87429152   4917068             俗语不可说          3
669   495707763  22934515        只只Official          3
670   431311100  21417013          月见_tsuki          3
671    12823143    290127    瑠璃川こはくofficial          3
672   337827661  11575621        陆婉莹GodRiku          3
673      517601   1156041             账号已注销          3
674     4191585     18574              刹那仮想          2
675  1829633422  22930316       珂珞哲official          2
676  1224180222  23852833           喵喵是只流浪喵          2
677    33082505   2527112               夜神槑          2
678  1332334128  23800880             飞絮小仙女          2
679  1891728206  22623163   Coco_千鸟Official          2
680  2097219437  23733603           灵灵乃reno          2
681  2036015357  22776501        利泽特Lizette          2
682    66692456  22915135         诺莉尔Nolier          2
683  1472782154  23080567            瑠瑠帆るるほ          2
684  1147353799  23043489              神木潼潼          2
685   686665614  22845214           羽宙Uchuu          2
686   474856218  21981503            奈璐Naru          2
687  1617739681  22791567            立花遥はるか          2
688     1974326  22668828         Moririnnx          2
689   124025181  22386431       水龙敬Official          2
690    17059522   1495477           幻想乡的琉璃猫          2
691   436596837  21463227       家长麦Official          2
692   476903292  21666922     佐久間ねむOfficial          2
693     9074616   3448101                元・          2
694   455916618  21571739            无理MURI          2
695     1740548     26283        小伞一把Kokasa          2
696     4450868   1413570              八宝酱阿          2
697    32589074   4872086      草加陆人laiciffo          1
698   276436402  22685598               难欲别          1
699     5860011    992582        九尾的夜猫-Neko          1
700  2108532315  23509601       林野星Official          1
701     1523623   3668335           紅やAkaya          1
702   480723986  22840221             苏苏酱鸭l          1
703   479768577  23084763             苗苗Mio          1
704  1462858376  23108224        如壹的全宇宙唯一小号          1
705   125964693   5882130            小狼崽芬里尔          1
706  1824597784  23212019      米露提亚Official          1
707     5471378    481086         米莱_Millay          1
708  1401208510  23008996             豆子Ayo          1
709   609132511  22330922             超级索尼马          1
710  2132566155  23138488         帕米尔Pamirs          1
711    95334691   3821208              是沐釉哦          1
712   342566986  22918406       云螭月_Channel          1
713  1043321643  23084794       STOP0000011          1
714   332093364  22860013        汐音_Shione_          1
715    83340815  14754466            极北的狸喵酱          1
716  1589117610  23001181          朝海沫霓Moni          1
717  1910896691  23057716             账号已注销          1
718   429982753  22323231            四季折の羽_          1
719   646432928  22918711            路理Kuri          1
720  2143967328  22768399         纪代因果_Inga          1
721   486618657  21720301      月兔华-WACTOR官方          1
722   496600848  22602225           甜梦少女卡莉酱          1
723     8363141  22242682             账号已注销          1
724   370687588  22111428            花留Karu          1
725      828468    727143          烛子_ikina          1
726   474593910  21622687        超V学园_林伊Eli          1
727   595407557  22359795         菜菜子Nanako          1
728      738497    909090            希叔不会喝酒          1
729   427061218  21618129          夜霧Yogiri          1
730   451066708  21602686       新科动漫Channel          1
731   398046086  21230298           湘灵是只小狐狸          0
732   216905835  22906028             原神の兜兜          0
733   492762252  23903294               大船记          0
734     2308730   3570974       xxxXx_X_XX_          0
735  1899937919  23429625                嫣珑          0
736    94923804   9195983                恺゛          0
737  1996270842  23551913              炽琳11          0
738    11951064   1138328             被遗忘者1          0
739   416614876  23365188     米尔帕斯_official          0
740  1847726295  23376684          尾绒Aurora          0
741   486997652  22692115              水卜泡泡          0
742    14382057  21513354            爱德华EDS          0
743  2014624029  23363777            残暴樱桃小熊          0
744  1865862406  23250283          恋野萌萌momo          0
745   252597833  13854915           夏日限定菠萝猫          0
746   697964606  23107894            爱吃的萤火酱          0
747     2108977     47325               葱白君          0
748  2099635516  23229192          白床Perori          0
749  1552531961  23236287             黒霧にいろ          0
750       44469    744732    柩Kyuu_Official          0
751   550899722  23146219             鱼遥Yao          0
752   367295017  23320407             账号已注销          0
753   299211960  13381293         异世界的暮卡er_          0
754  1585320184  23319825             账号已注销          0
755   698094102  22573826            我不好说了捏          0
756     2139677  15161590            转生中-南川          0
757   104980443  23096939         瞳official          0
758  1928217508  22943224            代号-202          0
759   609253223  23035801          Stars-林逸          0
760  1606577455  23190727      妙善公主Official          0
761  1583690517  23148607            纪律部南波兔          0
762  1994541396  23095291    库拉里罗滋-官方WACTOR          0
763  1237746158  23104974               小夜铃          0
764   389052735  22443116             鹿鹿西米鹿          0
765  1451827196  23133856             账号已注销          0
766     8063267   5291090           米米米M米花糖          0
767     1590297     17368               缱落铃          0
768    95286968   3923040          阿贞zzdrws          0
769  1315935808  23124800        绿绿official          0
770   304538761  14370788   世界猫Nia_Official          0
771    14874566   1210217              织诺红莲          0
772     2954058   7791548              阳口沙织          0
773  1801375919  23104752             账号已注销          0
774    33419912   3597056              慕倾城鸾          0
775   437073522  23064003          歌奈pigeon          0
776  1820277537  23101371             纱柚sau          0
777   436823223  23045312       茨少凌_Channel          0
778     7801382    291509               啊朔丶          0
779  1434788295  23012235       STOP0000012          0
780    39796923   5261059           程Rizwan          0
781   688898768  22531409             账号已注销          0
782   375370414  22213220           蜜汁de自信i          0
783   646658134  22888048         或许爆爆就是金克斯          0
784  1661076923  22821806         私Official          0
785  1780983970  23013064   Saku悠娜-official          0
786   690608701  22778617          犬童Kendou          0
787  1669875564  22923403             狸花想摸鱼          0
788     1359996    664481       南宫灯official          0
789   647575049  22553538     月见里朔良Official          0
790     6268594   3695068             鹿仔酸Q糖          0
791    11850816   1437304        VECTOR_维克特          0
792    32365653   2659281            慕瑶的花花哇          0
793   247652554   9934974              网友小鸢          0
794   483419193  21776474      新月岚_Official          0
795  1103073471  22671791          小豆沢Azuki          0
796  1599316734  22667136         Nokooooo_          0
797    34019939   3820990           卡琪酱Taki          0
798   474593912  21622694      超V学园_白祁Seven          0
799   642588972  22409418      佐仓旬夏Official          0
800   442655565  21503113       芙栗希娅Felicia          0
801   652240042  22485731   闪光Pika_Official          0
802    94928549  22485622    贝伦修坦因_official          0
803   625255764  22439372           新账号在置顶里          0
804    73544914  10666184           橘栗_July          0
805   471308347  21664698        寿寿歌_suzuka          0
806   389858027  21130785      百鬼绫目Official          0
807   624252710  22349494      狮白牡丹Official          0
808     2154078    614957           真的不是那个酱          0
809   354411419  21618138          希薇娅Civia          0
810   479965355  22210240   萝卜蘸酱_机萪Official          0
811   434341786  21452118             账号已注销          0
812   511613155  21908196          阿媂娅Artia          0
813   511613157  21908222        罗莎琳Rosalyn          0
814   511613156  21908209          朵莉丝Doris          0
815   491474048  21752681      天音彼方Official          0
816     6055289    947447       高槻律official          0
817   456368455  21641569               黑桃影          0
818     7688959   9565979         爱吃瓜子的薇一er          0
819   332704117  11588230      白上吹雪Official          0
820   336731767  13946381       夏色祭Official          0
821       98181   4418655       菫妃奈Official          0
822   373493702  14110147             兰若_Re          0
823   375504219  14917277     湊-阿库娅Official          0