            uid   room_id              name guard_num
0     672342685  22625027           乃琳Queen     10669
1      18149131    704808    Overidea_China      1177
2     672353429  22632424            贝拉kira       990
3     672328094  22637261           嘉然今天吃什么       984
4     672346917  22625025             向晚大魔王       928
5     351609538  22634198           珈乐Carol         2
0     480680646  21696950             阿萨Aza      5056
1        477792     24393               雪狐桑      2480
2    1795147802  25512501             柚恩不加糖      1700
3    1383815813  23221095           吉诺儿kino      1331
4    1856528671  23256987            陆鳐LuLu      1290
5    1669777785  25512443            露早GOGO      1204
6     480745939  21696953            罗伊_Roi      1157
7    1778026586  25512465            米诺高分少女      1134
8    1265680561  22603245              永雏塔菲       919
9     434334701  21452505         七海Nana7mi       848
10      7706705     80397          阿梓从小就很可爱       728
11    508963009  21919321       HiiroVTuber       712
12      3821157  21692711         东爱璃Lovely       687
13       140378    958617              梦音茶糯       593
14    477332594  21652717         白神遥Haruka       586
15    401480763  21402309     眞白花音_Official       560
16   1588646945  25206807            巴老师的小号       521
17   1775966996  24731541   Vox_EN_Official       481
18     56748733  21756924           雪绘Yukie       402
19        45502  22650610         冥冥meichan       385
20    269415357   7688602            花花Haya       380
21       632960   1944820        切茜娅CheIsea       376
22   1601895109  25245573    shoto_official       374
23    617459493  22384516                呜米       366
24      1950658     41682               早稻叽       364
25      3035105   3415150            奈姬niki       352
26       282994     47377           泠鸢yousa       329
27       249118    363889         shourei小N       319
28       745493   8792912                咩栗       298
29    402417817  22047448       星宮汐Official       295
30    358629230  13328782           Flora圆圆       288
31      2299184   8725120      古守血遊official       286
32    551567343  22508500             小晶晶ごい       262
33   1838190318  24643640             魔狼咪莉娅       254
34    441381282  21547895      花丸晴琉Official       245
35    407106379  21396545     绯赤艾莉欧_NHOTBOT       242
36    489146840  22301377       奈奈莉娅Channel       233
37     14387072   6374209              小可学妹       226
38    473244363  22992234          蕾尔娜Leona       204
39    692283831  22571958     美波七海-official       196
40    349991143  12235923     神楽Mea_NHOTBOT       165
41      3046429    938957              祖娅纳惜       159
42   1900434152  23105590       恋乃夜舞_propro       151
43   1096223397  22853788    白雪艾莉娅_Official       139
44    406805563  21320551       乙女音Official       125
45    697091119  22676119  猫雷NyaRu_Official       111
46      5563350   4138602       小希小桃Channel       104
47    434565011  21449083      物述有栖Official        93
48    504674421  23588360           零诺Reino        71
49      1473830   1485080       AIChannel官方        36
50   1370775553  22974318              -桃易-         2
51    667526012  22622535     文静_千鸟Official         1
52   2001283668  22642673    路星晨Morningstar         0
53      9034870    190577      星街彗星Official         0
0       4176573    870691            Akie秋绘       754
1      51030552   1603600            星汐Seki       712
2     690608690  23260932          恋诗夜Koxia       534
3     698438232  22673512                扇宝       519
4     574317507  22210372         香取绮罗_kira       518
5    1437582453  22816111       東雪蓮Official       480
6    1802011210  22758221      夏川玥玥Official       429
7    1875044092  25512476             莞儿睡不醒       364
8      43272050  21646457       穆小泠Official       354
9    1811071010  25512485            虞莫MOMO       345
10    698029620  22696653           兰音Reine       341
11       780791   5561470            Mia米娅-       315
12   2094031249  22748536             火羽ひのめ       303
13      9066351  21737386            塔克Tako       302
14     15641218    573893        帅比笙歌超可爱OvO       284
15      3985676    947866            扶桑大红花丶       269
16   1104048496  22642754             桃几OvO       268
17     11431931    675014          ninnikuu       268
18    690608693  22778610          勾檀Mayumi       266
19   1958703906  22894962            靡烟miya       243
20     12497617   4788550             胡桃Usa       240
21    434662713  21448649  NoWorld_Official       229
22     14198063     82178            猫不吃芒果め       226
23       510047  22333522         伊万_iiivan       223
24   1199634708  24742685             梅妻ume       217
25    476725595  21775601            西魔幽Yuu       217
26       922573    251015          黑泽诺亚NOIR       213
27    225347042   9162799       九重紫Official       207
28   1643484295  22900071           岱川Doris       205
29      5005968    866400             米白zzz       205
30   1734978373  22696954         小柔Channel       205
31    109834414  24492364              井上鸢御       203
32       518817   5169315                早凉       203
33    292838396  12845193              鸢尾牙牙       203
34      6747203   3428783       绫濑光Official       202
35    393885664  22882574            诺可Noko       200
36     17511965  14343955            咦我的头发呢       200
37    591892279  22889484              希月萌奈       199
38   1875094289  22754458      小铃久绘Official       198
39    606293627  22625077         月兮Channel       190
40    690608698  23260993           瑞娅_Rhea       189
41    623441612  22347054      椎名菜羽Official       189
42   1570624336  25524451     MerryOfficial       188
43      8881297     55634        钉宫妮妮Ninico       188
44    690804827  22545602        花满Official       185
45       899804    411318          红晓音Akane       185
46   1294678093  25166222          杜铂雷Dobre       183
47   1484169431  23805029          雾深Girimi       183
48       163653    162180   尼奈nine_Official       182
49    479633069  21677969          秋凛子Rinco       181
50     11416708  23348061              九奈猹猹       179
51      6415072     43241              虚拟小萨       172
52     61639371  21484828     轴伊Joi_Channel       170
53   1377212676  23945583       永恒娘Official       168
54     14897804   7953876           宴宁ccccc       168
55       610390     14893     乌拉の帝国Official       168
56    666726799  22470216             悠亚Yua       167
57   1376650682  22857429        葡冷尔子gagako       165
58    385281102  21749031         紗耶_sayako       164
59   1112031857  22924075           薇Steria       162
60       731556     92450             綾音Aya       160
61   1202416628  24255210            眠特Mint       159
62       620903    870004        泰蕾莎Channel       159
63    480248442  22381346           北柚香Yuka       158
64   2072717192  23969425            万拓普TOP       158
65   2123631024  22865391     辻蓝佳音瑠_channel       158
66    121487111   4585823               东野凹       156
67   1296133469  23332935          路菲比Febee       156
68   1501380958  22746343        艾露露Ailurus       156
69   1752208642  23293581         犬川面面Miami       155
70   1219196749  23303212         唐九夏还想再躺一下       154
71   1543083238  24160882          纱箬sariel       151
72      4718291   1155608         花见汐梨Yuuri       151
73    697737710  23369901          蝶蝶Hikari       151
74   2006452883  24778741         路希维德Wiede       150
75      1612112   1321846        夏诺雅_shanoa       150
76    477317922  21672023            弥希Miki       149
77   1359949418  23224539            小小约yoo       147
78    353361863  21514463            七濑Unia       146
79      5659864   2064239               鹿野灸       145
80   1141334416  25155352      齐格鲁_Official       144
81    324884920  22320946               江壹纯       144
82   1220621189  22852903      东堂比乃Official       142
83      9006357    276936           诡计多端的马鹿       139
84   1394160176  23808442         纱音_Syanon       139
85    671538942  22571722           黎歌Neeko       138
86    631070414  22389206              折原露露       137
87       607286    757349              i御十二       137
88    690608709  23550749             尤格Yog       136
89    283886865   9234980         说说Crystal       136
90     17661166  21925332       鈴木玲子_Suzuki       136
91    321650277  24833274          凤小七seven       135
92   1942864208  24827493          卡萝尔Akuma       134
93     30507713    444084             小小小小玟       134
94   1657906522  23696756              花雨春绘       134
95    372984197  14052636  夢乃栞Yumeno_Shiori       133
96    505183397  24143549          桃宝Momoko       132
97       529249    282208             诺莺Nox       132
98     57871034  23246736               栀小朵       131
99     11253297    392523            多多poi丶       131
100     1521415     81004       艾尔莎_Channel       130
101   480432362  21685677               鈴宮鈴       130
102     1598595   6869043                朗加       129
103    16510117    623698             机智大灯灯       129
104    35565205   4375036               茭白柒       129
105  1816182565  22898905        珞璃Official       129
106   398655122  21713184               莫熙呐       128
107     2341174    918717                池年       128
108  1637486568  25622556              梦咲有绪       127
109   230487728   6615406           嚼着软糖想昵称       127
110  1265605287  25061813         麻尤米mayumi       126
111    12939237    264788              有棵里里       126
112  1133258171  24726627          洛瑞娅EIF93       125
113  1584039005  24954295              星见汐娅       125
114    13199099  21724277               植物椿       125
115   477306079  21672024         真绯瑠mahiru       125
116    39267739   4316215       铃音_Official       125
117      749499    915110          神咲乃希NOKi       123
118  1673137696  24731561  Luca_EN_Official       122
119      741520     33942        茶冷_Channel       122
120    36265198  23596840        沐晓空Channel       121
121    81552504   3248270            原味奶介呀_       121
122   473513205  21611039          夏可可_Kero       121
123  1116286149  25089255      海童亚奈子_propro       120
124   257463461  11559434              小猫蛋卷       119
125    13089665   1223832             橙子miu       119
126   180485916   5998426           是姬拉Kira       118
127      186463    337374              綾奈奈奈       118
128   434401868  21457197              中单光一       118
129     8558528   8726118           清濑冰ices       117
130     1595005    450956            录音姬阿童木       117
131     1743015     40195           星越Koshi       117
132  1768094747  24153954               安纪亚       116
133   690608704  23017349           桃星Tocci       116
134    24957521   4726132            吃肉包的怂鼠       116
135  1355412269  23075997           随一Suiii       115
136  1802654492  23777594              七禾いえ       115
137   593793031  23854724           泉鹅Izumi       115
138  1124440113  25604590              明夏珊海       114
139     1802392   9395707            榛葉nami       113
140    24003005   1246242            水水超水嗷呜       113
141   516678537  23300805             C叔小酒馆       112
142  1553780731  23965951          许亦真_REAL       111
143  1880188304  23797026     樱咲奈央_Official       111
144   509050400  21879412            雷柏磷ボリン       111
145   484660274  21706862       七咔拉CHikalar       111
146   567234492  22321043         玛安娜Myanna       110
147   589799673  22671467           艾妮娅Enia       110
148   545530293  22563900            饭团喵にゃん       110
149    47791562  22861834            赫拉Kris       110
150  1243266187  22742508    林莉奈RinaHayashi       110
151   613345189  22344968          蛙吹Keroro       110
152  1025491703  23941099     塞拉菲娜_Serafina       109
153     5816642    790566        星谷樹_itsuki       109
154  1386545245  23667609     犬卷日鞠-官方WACTOR       109
155   498188835  25367871            汐尔Sier       108
156  1710146343  24701720         玲儿ZeroTwo       108
157       52522    850221               露蒂丝       108
158  2082574877  24604089            幼栗突然出现       107
159     5986897   6204892           绫月汐Shio       107
160  1703797642  22966160       李豆沙_Channel       107
161  2049968320  23343237               夏卜卜       107
162        7966    597450              花园花玲       107
163  1096034982  24978909              兔眠可可       106
164   437786939  21473201             keii萤       106
165   176528442  23086860              三宝iu       106
166   598716541  22712271           春小花sama       106
167  1244296084  23365207       菲莉丝_Phyllis       105
168   176135235  22880700       星野怜Official       105
169  2052064438  22824550            罗菈Rola       105
170   410689349  22054199              仙女安_       105
171   692437895  22637920        桃井最中Monaka       104
172   529341976  24334012            奶芙wuhu       104
173   378606811  22341433              螃蟹那由       104
174    13630808    362064               顾疚疚       104
175    17794913   1033927             猫辞猫辞猫       104
176  1087725318  24926753        白雪葵Channel       103
177  1011797664  24697117          卡缇娅也不知道鸭       103
178   395865658  22454728             茅山张懋衍       103
179  1927037753  23261911            纱鱼sayu       103
180   702411002  23351434               怦怦梨       103
181      659401     19064                荀异       103
182  2007781080  22989215      天曰小雏Official       103
183   423902976  21603945         Minicatty       103
184   699327470  22578273             蜜汁粥粥_       103
185    12450452  22262300              人间蜜药       103
186   194326389   6203304              兮子cc       103
187  1005457213  25172501        辉瞳_Channel       102
188  1950721001  24817507             天天Ame       102
189    11771366   1114551           莉夏Lecia       102
190   503801557  23778409     猫姬琥珀_official       102
191  1846208014  22864117        盖乃希亞Galaxy       102
192     2093232    994304              轻叹ww       101
193  1878154667  23771139          沐霂是MUMU呀       101
194   551527845  22810269            迷柚_mio       101
195   686241472  22520319               团小哈       101
196     2128310    399854             夕兔_H2       101
197  1819548520  24906576            桃酥Momo       100
198     6699767    713435               未未昭       100
199     4447907   4076610           不想睡觉的洗洗       100
200     1363457   1487005           米团团Miho       100
201      210628      5229          MKiiiiii       100
202  1155425566  23805066           希侑Kiyuu       100
203  2126507529  23527503            蒂莉雅回家家       100
204   313248263  10413051       宇佐紀ノノ_usagi       100
205     1750561   8721033               蜜球兔       100
206      846180   3012597          喵田弥夜Miya       100
207   380829248  14327465          花园Serena       100
208     7482932    197082               倾瓷v       100
209    96264399  23129160        和水_nouille        99
210  1512788587  23388273           诺娅Sukie        98
211   421267475  21403601            艾因Eine        98
212   618107325  22334596            阳阳不想熬夜        97
213   160450916   5293697          小风铃是只咕咕狐        96
214   364728311  13802532     星蚀_Finsternis        94
215   193558681   5391723              激辣味噌        94
216  2115139772  22877717        莉莉幽ririyuu        94
217      433307    818240            洛佩sama        94
218   358085156  14848063          魔法少年电池er        93
219   402283366  22497143         大冤种鱼丸学姐ya        93
220  1069108539  23472646     小鸟游杏子Official        91
221   472848826  22404256           纱世_sayo        91
222   602200741  22288644           瓦妮Vanee        91
223   573930836  22566228      咲间妮娜Official        91
224   602724685  22300771         雷岁_Raisai        90
225      720964   1521498           你的可樱已上线        90
226   282875499  22387734                衣娅        90
227     2878144    708397        鹤祁_Tsuruki        90
228  2059201075  25159955     Kiko_Official        89
229  1372936974  24441860   可妮Koni_Official        89
230    27231887   1496588             轩喵与砂奈        89
231     1467772    544820              封茗囧菌        89
232    23155481   5461024              一点荧惑        88
233    35231887    469803              星海玲奈        88
234  1734677911  23245990             酒菜禾子呀        88
235   316381099  15152878             鹿乃ちゃん        87
236   558070433  22389319        千春_Chiharu        86
237     2100679     56237            还有醒着的么        86
238  2139886807  24808180      雨音月奈_NHOTBOT        85
239  1216158888  23784861            果奈suki        85
240      640283    806683             花洛栗栗子        84
241     1780645    540024    粉黛乱子Capillaris        84
242     1583472     24125           鲸落落raku        83
243      795926  24022621   铭音MeIoN_2022稿期满        83
244   703068520  23296355          想不长肉的喵小泽        83
245     8760033  14846654              小司无常        82
246    25032753   5312656             果汁erR        81
247    37756047   1352574       申岚_Official        80
248   690608714  23805078          狩砂Karisa        80
249   698168210  23094410       画外灯official        80
250   325907302  22404898            冬日不要酱子        80
251    94363275  21710273        日向葵Channel        80
252      234782    544625            祈Inory        79
253    12862137  21359166        鹤羽Official        79
254  1070733875  23238218      怠惰V_official        79
255   576858552  22323445           毬亚Maria        79
256     9923775    925758               柯暮卿        78
257  2140412037  24485048               晨悠光        78
258  1809810330  24188245             摩亞Moi        78
259   697652272  22569046                早穗        78
260   515053790  22110436           椋笙栗Kuri        77
261   110467463  23485668           夏亚_char        77
262  1674274422  23098405            小语若mua        77
263      317000     10545          adogsama        77
264    18075705   2757197               夜然z        76
265  1630494154  24715515            蔓Aoede        76
266  1343252680  23582081            竹已Take        76
267     3526739   1921106              绯叶明依        76
268     8041302    725364             污喵污喵哒        76
269   664047468  22772718            莉姆丝OvO        74
270      425286    292397      巫贼_ikataruto        74
271   410124536  21368856             阿黛不太呆        74
272    21693393    370468            幽灵车尔尼桑        73
273  1697848019  23490978           赤五教教主亮亮        73
274  1939568047  25100511              沧海月萌        72
275  1968342232  24538373            曲奇Aria        72
276  1518296186  23501664          莉奥拉Liala        72
277   416622817  21413565         步玎Pudding        72
278      839059    739818           妮特_Nito        72
279  1030723991  22927644          瞳瞳要好好学炉石        71
280   690608686  22605463            茉里Mari        71
281  1926156228  22608112         希亚娜Ciyana        71
282     5374546     57018                望神        71
283   272705818  24399819           仓仓爱吃牛肉干        70
284  1660392980  23771189             恬豆发芽了        70
285    16217876   7768761          白夜小鸠Hato        70
286     3614240  21700355               御司司        70
287  1048861669  22700047         人形冬萌_Tomo        70
288   394593891  23605152       黑岛麻由_online        70
289     9361427    905813               清則子        70
290  2100944625  22700040       露珀塔_Ruperta        70
291   558070436  22389323          清良Kiyora        70
292  1795716989  24967779          阿鹤-Crane        69
293     2679304    874479           卦者那啥子靈風        69
294  1282271864  23459804            自由魂儿儿儿        69
295      334299     34587                零太        69
296  1544125954  24731569    Mysta_Official        68
297  2119815078  23626594          安蒂维娜-克莱因        68
298   377042295  21594123              挽歌歌_        68
299   181998984  10956073              果糖含量        68
300  2064099563  24762598           茂Sigeru        67
301     3774410   1960179         樱饼饼Sakura        67
302  1273319763  23095176                璎绯        67
303   482911295  21712635   绮良kira_Official        67
304    11655582    924325                鵊鸣        66
305      117906     11306        阿伊蕾特Ayelet        66
306    23100916  23148857      貔貅诺诺nono_nya        66
307     1278545    175965        格蕾缇娅Gretia        66
308     1401928    924973               火西肆        66
309  1288036991  24411398           小惹Azure        65
310    39952788   7619799        羽蝶酥酥今天被吃了嘛        65
311    67246581  21711976        凉米饭Channel        65
312   474593909  21622680           花玲Karin        65
313    13908542  22251977       柊真华Official        65
314   128912828   4767523             沙月ちゃん        65
315   429964467  23114598          卡连Kallen        64
316  1678686361  24837306          Sandy睡醒了        64
317     5482095     57437                碳鸽        64
318      398431  24173090        塔蒂娜Tattina        64
319  1461176910  23965761           量子少年-祥太        64
320   674839637  22537284                黎耶        64
321   690608706  22605469      田野柴Tanoshiba        64
322    45336140   4346806              星野绵奈        63
323    41461068   9618253       艾诺斯Official        63
324      744031  14009974        蝶蝶狐_Chouko        63
325   690608691  22605464          千幽Chiyuu        63
326      512480     29183            YUKIri        63
327    14350494   4215185       犬山奈奈Channel        62
328  1705007318  22920508    星ノ宮春鈴_Official        62
329   690608702  22778627       九十九_Tsukumo        62
330   525105971  22067425       紫海由爱Channel        61
331  1132553462  24471858               烛宝哒        61
332     3328498   2416317             祁宝困兮兮        61
333   661461705  22487947      莉莉安_Official        61
334    11399495   4910271               鸽一品        60
335   599254182  23246975            冰淇柠QAQ        60
336   569192826  23084015       沙口酱official        60
337  1308967115  23029299              鱼一YY        60
338   396316042  23199554   羽咲Rabi_Official        59
339     4098782  22032167        星野綾乃Ayanya        59
340    58485079   2098875              温之九丶        59
341   397244810  22661866             偷偷Toi        59
342      264161    837039        ❀Sakulaˇ小舞        59
343   441382432  21547904      小东人魚Official        59
344      649833     45940             茜茜甜兮兮        58
345    74617154   2996680          倪奈奈变欧亿点点        58
346  1011812576  23370653              奈奈大芙        58
347   303246676  10049827             栖苑太困辽        58
348      545511     10360             速冻猫犊子        58
349    36081646   1546736               洛天依        58
350      744713   2611014       雨宫水希Channel        58
351  1802937912  24846830       Valentina蒂娜        57
352     3188835   1766019             叁仟院可奈        57
353  1164975438  22809132            幽乜Yume        57
354   582225536  22286296             麦芽不甜_        57
355      128552    283870   JimDez_Official        56
356   494850406  21990617      白银莉莉Official        56
357     3149619   3822389   有栖Mana_Official        56
358  1315870194  23106228           芙拉_Fula        55
359  1993395129  22967698        散華藍SankaAI        55
360   470085432  23128657       派萝喵Official        55
361  1263525525  22800404            软软小猫咪m        55
362    49142760  22815234        咪诺今天也要元气满满        55
363    27554691   8816397        熊崽_BearRRR        55
364  1570795034  24564657              咩也爷_        54
365     7723009  21356899          这碗鱼Katie        53
366      477007   3649650         Sawako碎花子        53
367  1899153123  22787192       芒崎小吉Channel        53
368   392505232  21224291    安堂いなり_official        53
369    57119113   4120123             萌音の宝宝        53
370  2042629175  24963677    范塞尼尔_VamSenior        52
371      597701   1375798         压刹channel        52
372   484451346  21706254         绚辻眠兔Minto        52
373    20966016  23722192        绫濑Official        52
374  1263271233  22993378            铃伊_Rei        52
375      249243   8688111    小豆沢あずきofficial        52
376   180035670   5298167            皮卡少个丘w        51
377  1880355910  23520070              秋月盈儿        51
378  1095803401  23710136         小春_Koharu        51
379   286113280  21742155              望月希咏        51
380     2239559  10877511  Mira恶魔米拉official        51
381     1516482     42270         白桃Shirako        51
382   397758529  25356160               桜都子        50
383    12945093    497517              冬雪沫沫        50
384    36576761   6129586       诗小雅Official        50
385       29080  12576972           无前Namae        49
386  1422451239  22715167       布丁喵official        49
387     2048677   1868279            米见Mita        49
388   487550002  21811136     猫芒ベル_Official        49
389   688275304  22621413            Zoe_舟一        48
390   258875006   7202100         溯月Sotsuki        48
391     3301695    872551             电鸟个灯泡        47
392   650663945  22550560     诺拉Nora_Heitis        47
393   323905978  23417026       忧特若丝_Uterus        47
394    16907771  23158413           雪虎Black        47
395     9736638   2206397              星野琳奈        47
396  1340967709  23149132        花云凛_propro        47
397     8156542  23058813          芙蕾_Furei        47
398    26541399    360169          鹿子kanoco        47
399  1451797925  25148241               尹青依        46
400    19986917  24343457              与枝老师        46
401  1382719257  23517719    咸蛋黄饭团-official        46
402    16059520    452450     五彩呆鸟咩Official        46
403   267439469  22208948          柠檬今天练歌了吗        46
404   690608689  23260856          夜宫Yomiya        46
405   623441609  22347045      凤玲天天Official        46
406   488836173  25411285       yoyo鹿鸣_Lumi        45
407  1810786106  24063763              千岛尤樱        45
408     1344144     97558       免免_Official        45
409    14405936    331747          必不可能鸽的青璃        45
410   690608712  23550793             友夏Uka        45
411  1085221011  22992633       尤娜_Official        45
412      890735   2698402             Atom玲        45
413       91352   2853663      心羽萝妮Official        44
414  1152597935  22720043             星宫魔琉瑠        44
415      278296   8641515               橘绘理        44
416  1489377760  23017641          竹月芽Meiya        44
417  1757836012  23905403           量子少年-楚枫        44
418    13158687   4339349           超绝卫星轨道炮        44
419   690608694  22605466             伊深Imi        44
420     4365978    193520              一支橘猫        43
421     8171802    753667       风吟蝶_Channel        43
422     8198901   6959050         染染_Ranoca        43
423   688492564  22529153            婕婕才是姐姐        43
424      168210   7478830          沧棂Soleil        43
425     2654466     64566          猫幼cattyo        43
426   591843065  23587027         天海今天又懈怠了呢        42
427     2650919   3525213           凛-阿格里亚斯        42
428   690608687  22778596            蕾米Remi        42
429    19264165    407824            闰土小王子呀        42
430  1863644136  23240551            弦羽Hane        41
431   442902274  21573665      紫桃爱音Official        41
432    12120515   2425420   尼奥喵Neil_Channel        41
433     1926687   1517135       猫川多多道-taku道        40
434    17907167  22843050          狸哩今天也是废狐        39
435     7591465    873642            里奈Rina        39
436   336442974  22845802           夜原没有小尾巴        38
437  1323227037  23252619         山椒阿露波Arpa        38
438    34423885   6485126            耳可Milo        38
439    15998299   6529293                菜藏        38
440      651649   3725076              特莉丝忒        38
441  1181247064  23615209           森川雪yuki        37
442   157330863  22041958      神奈希_Official        37
443  1803585918  23251345             千零莉露卡        37
444    15225468  23389000      辛西娅_Cynthiaa        37
445  2009235986  23093993         戌夜初Hajime        37
446      147688     35350              lvlv        37
447     6000336    550335       AirSAMAdesu        37
448    43466186  21742849               峥峥っ        37
449  1834090921  24849407          哟蔻桃桃YOCO        36
450    20875904   4315783         无家可归的流浪鲲鲲        36
451   399923919  23426285              姜南星_        36
452   323774877  21732370           星陵Betty        36
453    43187576   1363311            _かがみ_镜        36
454  1420419918  22745778         浅井有纱Arisa        36
455     3032688   6760154             -Yu酱-        36
456    23263470    972474               法里达        35
457  1042854135  23594422  ShizukouOfficial        35
458     1352646     74571        米哦Official        35
459   410741448  21399689      Milky_Vtuber        35
460  1472906636  22727121            ywwuyi        35
461   135980509  21701071            永远永远酱w        35
462    11137181   4109869        伊莎蓓尔Isabel        34
463  1723206278  23985703         希洛伊Shiroi        34
464     4242014   9170973          满天星Hoshi        34
465  1535525542  23905421           量子少年-泽一        34
466   359081808  13990730            季毅Jiyi        34
467    21374533   1221274         彼岸霜滢Eliro        34
468      487902   7595278           召唤师yami        34
469     4911722  22074371     黑桐亚里亚Official        34
470   526071118  22233836           魔法少女真理酱        33
471     4861197    311280        雾雨威Channel        33
472  1209958561  22807430               褚斐易        33
473    26087398   1016818     猫屋敷梨梨Official        33
474     1602085    171195              Yuu喵        33
475  1394476714  23113694        猫柠morning_        32
476      863287   5224688        天雨Rainfall        32
477   493885362  23195139          岚墨_Holic        32
478    38271760  22682795        淩钰Official        32
479   412630000  21348897            亮_Sama        32
480   118754720   4611671               雨街F        32
481   436693674  22159299      早濑弥生Official        32
482    96975902  23680570           是悠姬Yuki        31
483   441315555  22582590          神代祐希Yuki        31
484   476676325  21649962        米蕾優channel        31
485   668069603  24930346             谦宝下饭捏        30
486  1115540220  22973442          夏莉Sherry        30
487   438848253  21545805            盲盲Memo        30
488      394936   8725320  盐天使riel_official        30
489     6716902   2371727          吉鲤yuriri        30
490    29488539    147488             这里是馍君        29
491  1688076885  22865861               ねこれ        29
492    75094637  23562312              尾巴困困        29
493   233299554  23025519         麦乐桃_Molly        29
494   472877684  21613356            惑姬Waku        29
495   571841213  22205953       三日暦Official        29
496    92610220  24319484              你群离岛        28
497  1405589619  23805059           希维Sybil        28
498      323153    609304            小豆芽安雪璃        28
499       47441     54897  Ruriko琉璃子Channel        28
500  1006140314  24921679     瀬兎一也_Official        27
501  1004127267  23648738            芙蕾娅フレア        27
502   529107543  23099155               fa漠        27
503   676278201  23337608              -言如惑        27
504  1121411561  22935036                万灼        26
505  1677271465  23319833            尤酱睡饱饱w        26
506      835644    735709        卡农_Channel        26
507   393457552  21785289              A梦酱吖        26
508   663577831  22500194            幼薇喵nya        25
509   513273343  21920570           龙西Rinya        25
510    36996701   2447665            桂花酒酿元宵        25
511   434563934  21449068         叶Official        25
512   180247922   6116476         无趣Kirisaa        25
513       88687    449396              w丘丘w        24
514  1848290057  23404362            灯瑠hiru        24
515  1533406766  24448785           请关注明夏珊海        24
516      492862    566227      阳向心美Official        24
517     3063155   1259929            饭咩Meya        24
518     4718716   2303412               鱼鸽鸽        24
519   472845978  21613353            有加plus        23
520  1914655751  24467094         爱宝Channel        23
521  1285890335  24088644        海德薇Hedvika        23
522  1055615738  23245332           莉莉洁想吃点心        23
523  1156637837  23085720             雪绘莉莉奈        23
524   556027338  22757605        Yumi和烟璃の日常        23
525  1242456361  23069606      长月春雪_Channel        23
526     3570093   1589452              不举萌栗        23
527   689840611  22950737             蟹宝没有钳        22
528   604738184  23390101         雷米尔Remiel        22
529    81534454  24003630              曲莓团子        22
530   666726802  22470204            瑞芙Reve        22
531    12070947    944614            见风kaze        22
532  1731037094  23113220         月野木罗_kira        22
533   272983835   8043184          魔法少女喵月月酱        22
534    32915000    302816              枕边小软        22
535      408696   5631165            浥昕sora        21
536  2132566155  23138488         帕米尔Pamirs        21
537   499276043  23046619        沙利叶_Suriel        21
538   474369808  21696957        度人Tabibito        21
539     8247516  24093696              花田田甜        20
540  1468007004  23362558              望月理莎        20
541  1094889067  23136093                雪理        20
542    26398020   7544221       异株湖Official        20
543   273245608   8857387        苏宇能有什么坏心思呢        20
544   650573749  22506899          尤利娅Yulia        20
545   652298653  23234552       餡蜜椿official        19
546   442426299  21799389      琴吹夢_official        19
547  2111566071  22874107            小禾mohu        19
548   324607600  11771685           翎洛Likeu        19
549  1089059487  23089686      星奈铃-官方WACTOR        18
550    24626465   6519380        月见果Channel        18
551     1869304   6632844      孙有劲Sunyeojin        18
552  1278321533  23786670            椰乃不是椰奶        17
553  1865791469  23625060         橙歌歌睡不醒OvO        17
554     8704649     41769      桐桐子_Official        17
555    15076745    364027              彩虹酱哇        17
556  1813355484  22830111              水月泉汐        17
557     6483727   3558274        小恶魔channel        17
558   120279132  22598262      猫ゐ咲夜official        17
559   346381116  12624443              樱庭香草        16
560  1687861308  22695385              晓曦超甜        16
561    11181582    100963              -流仙-        16
562     4763529     40529        幽灵事务所_XPEC        16
563     2954058   7791548              阳口沙织        16
564  1263224777  22979256               顾咕孜        16
565    22765153     70808              那神银酱        16
566   471723540  21727410             一块电鹿板        16
567    35819875    515759            宋三岁sss        16
568      515455    602744             奴良睡不醒        16
569   431473020  21426806     初焰Hatsuhomura        16
570   340345723  23806497             阿雾睡不醒        15
571     2120432    194054         暮笙Channel        15
572  1468306600  23556311      皇白璐-官方WACTOR        14
573   517060084  21970333       一颗芽Official        14
574    44903085  14197798           安晴Ankii        14
575   491147165  23144336              墨姬ww        14
576  1968783589  22926711          茉吱Mojuko        14
577     4071581   1050301           小毛拔了个火罐        14
578   414827620  22257854                团奈        13
579   666726803  22470189      伊莎贝拉Official        13
580     3303103    519052             机动型青空        13
581   420249427  21403609            琉绮Ruki        13
582     2523666  21110343             艾晓萌萌萌        12
583   286914392  23193752                秋淩        12
584     5106924     76326        桓信Official        12
585  1411553322  24469153            侑萝Yoro        11
586  1353739557  22718711        长绾raffaele        11
587   430219038  21660284       希贝尔Official        11
588   391614061  21300316           日月咪玉-官方        11
589       90873      5424              内德维德        10
590    62411789   3994724  KKKelly_Official        10
591   522045311  22029628        柯柯Official        10
592   474593911  21622688           _慕斯Muse        10
593   381439252  23031625            兰笛Saku        10
594      314993     58593    橘柠院Jny_砂糖橘Soda        10
595      373263    709219         旺财Inukami        10
596     1850809    298094            墨白siro         9
597   104602477  23913870           OoKami君         9
598   479193165  23683349         卡露比Karu8y         9
599    37502021   4536168             奇奇Qi7         9
600     2141162   2885077  五十岚佳乃叶KNHChannel         9
601   456749835  22782192      阳夏诺诺Official         9
602  1322881625  22705839             巫沐Umo         9
603   385331112  21402308          辉月Atsuki         9
604   386900246  21304638      神楽七奈Official         9
605  2059039611  23375836        梨茉在数羊_momo         8
606    19366645    473323              悅音幻絲         8
607    34237849  22802744               千代茨         8
608  2022640280  22882513             疯子又饿了         8
609  2123801125  23105517          星谷呜冬Udon         8
610     3084780    529718          空伶cherry         8
611     1576121   4895312          帕里_Paryi         8
612   421347849  21415012    白百合リリィOfficial         8
613  1269309692  24169782            涅梨Neri         7
614    77817759  24334336       特蕾莎Theresa_         7
615  1613609207  23931597     神本樱奈_Official         7
616  1081765694  23208247            花梨梨爱鹅笑         7
617    13821638  23139505           舒听酒要努力呢         7
618  1658229747  22760722            柚叽Uchi         7
619   541696090  22340341           早见咲Saki         7
620   628292881  22389314         卡欧斯_Chaos         7
621    14634764     37799               英短喵         7
622   364225566  14578426         战斗吧歌姬官方账号         7
623      542746    653547            丨Keepo         6
624   228167069  23023985             林黛玉ww         6
625   237256572   7511203             折扇想睡觉         6
626    47868246   2241806            戈洛Glow         6
627    10030059   3858888              伊月猫凛         6
628      199915    435048             空风Kuu         6
629  1357287708  24893910       胡锡子Official         5
630  1330766232  24137142               冰兔w         5
631    19462294   3777439               柠狐柃         5
632    21025175  22895029             芝麻狐狐-         5
633   488970166  22030718            花谱_kaf         5
634      451793   6580433             一块薯饼呐         5
635      269558    544624           pipi-萍萍         5
636    21682845   6171178           犽犽是个小憨憨         5
637     1480838    759938    EricaZehnt_埃莉卡         5
638   358695457  13576775       小虾鱼Official         5
639    22971353  22435542          zhima芝麻_         4
640   523133310  22663131       雅丽斯_Channel         4
641   651402196  23769635            今朝尘尽光生         4
642  1679938687  24122168               段段嗷         4
643  1620923329  22622469      琳_千鸟Official         4
644  1434286779  23715321       二朵Akirakira         4
645   670473494  22478114             慕橙mmm         4
646    85297446   3331468            星奈viky         4
647      165375  23146138         阿凌-接2D转3D         4
648  1825301994  23118493       漪月灵-Aether-         4
649  1108865507  23071105             歌手艾七月         4
650  1147353799  23043489              神木潼潼         4
651    24892274  12276581               风沫语         4
652     3076830   1559211             账号已注销         4
653   393595532  21157374         转生成骸骸子这档事         4
654         693  22348429             赫卡Tia         4
655   558984017  22414924            自己的高仿号         4
656      820535    718548          默磷Mayori         4
657     4506529   5179685          Maru不是马茹         3
658  1315573139  24087754         罗兹Blazing         3
659  2103954767  22846258          阿莳Komaki         3
660  1723100461  24044804      琥珀玲_Official         3
661       37328    180696         卡欧莉_KaOri         3
662    27651919  23948328           栢岚Cx330         3
663   410602048  21434004        邱责责chuseki         3
664  1821760400  22905754            阿珉amin         3
665    49653129   1522963       stage1st宅社区         3
666        1398    562257      灵源道长Official         3
667    87429152   4917068             俗语不可说         3
668   636674318  22908657    虚研社经纪人Official         3
669   471226936  22039777               滑稽猿         3
670   473764233  21627536      田汐汐_Official         3
671   595407557  22359795         菜菜子Nanako         3
672   524279657  22197280            猫小鹰Owl         3
673   337827661  11575621        陆婉莹GodRiku         3
674      517601   1156041             账号已注销         3
675   490331391  21763344           沙夜_Saya         3
676     7961896   9591764            荔枝呀qwq         3
677     4191585     18574              刹那仮想         2
678  1829633422  22930316       珂珞哲official         2
679     3022597   3668504             露馅eer         2
680  1224180222  23852833           喵喵是只流浪喵         2
681     5860011    992582        九尾的夜猫-Neko         2
682   686960404  22587407         园子_Sonoko         2
683      383599     15949            高町丶薇维欧         2
684  1090010845  22622290    艾瑞思_千鸟Official         2
685    96230774  22564918              宅喵阿桃         2
686    21258448  11669208              西汐xi         2
687    66692456  22915135         诺莉尔Nolier         2
688  1472782154  23080567            瑠瑠帆るるほ         2
689   495707763  22934515        只只Official         2
690   686665614  22845214           羽宙Uchuu         2
691   474856218  21981503            奈璐Naru         2
692  1617739681  22791567            立花遥はるか         2
693   431311100  21417013          月见_tsuki         2
694    12823143    290127    瑠璃川こはくofficial         2
695     1974326  22668828         Moririnnx         2
696   124025181  22386431       水龙敬Official         2
697     8119834  12770821              千草はな         2
698    17059522   1495477           幻想乡的琉璃猫         2
699     9074616   3448101                元・         2
700   455916618  21571739            无理MURI         2
701     6055289    947447       高槻律official         2
702     1740548     26283        小伞一把Kokasa         2
703      461809    962983            一只皮皮熊呀         2
704     4450868   1413570              八宝酱阿         2
705   276436402  22685598               难欲别         1
706  1332334128  23800880             飞絮小仙女         1
707  1891728206  22623163   Coco_千鸟Official         1
708  2108532315  23509601       林野星Official         1
709  2097219437  23733603           灵灵乃reno         1
710     1523623   3668335           紅やAkaya         1
711  1943950465  23609888     MONA-official         1
712   480723986  22840221             苏苏酱鸭l         1
713   334537711  13747625     艾白_千鸟Official         1
714  1462858376  23108224        如壹的全宇宙唯一小号         1
715  1824597784  23212019      米露提亚Official         1
716  1010093017  23173129         马太Mastest         1
717  2036015357  22776501        利泽特Lizette         1
718   489772340  21772091           阿尼_Arni         1
719    95334691   3821208              是沐釉哦         1
720   342566986  22918406       云螭月_Channel         1
721   332093364  22860013        汐音_Shione_         1
722  1589117610  23001181          朝海沫霓Moni         1
723   429982753  22323231            四季折の羽_         1
724   646432928  22918711            路理Kuri         1
725  2143967328  22768399         纪代因果_Inga         1
726     6268594   3695068             鹿仔酸Q糖         1
727   496600848  22602225           甜梦少女卡莉酱         1
728     8363141  22242682             账号已注销         1
729   476903292  21666922     佐久間ねむOfficial         1
730      828468    727143          烛子_ikina         1
731   427061218  21618129          夜霧Yogiri         1
732   451066708  21602686       新科动漫Channel         1
733    32589074   4872086      草加陆人laiciffo         0
734   216905835  22906028             原神の兜兜         0
735   492762252  23903294               大船记         0
736     2308730   3570974       xxxXx_X_XX_         0
737  1899937919  23429625                嫣珑         0
738    94923804   9195983                恺゛         0
739  1996270842  23551913              炽琳11         0
740    11951064   1138328             被遗忘者1         0
741   416614876  23365188     米尔帕斯_official         0
742  1847726295  23376684          尾绒Aurora         0
743   486997652  22692115              水卜泡泡         0
744   479768577  23084763             苗苗Mio         0
745    14382057  21513354            爱德华EDS         0
746  2014624029  23363777            残暴樱桃小熊         0
747  1865862406  23250283          恋野萌萌momo         0
748   252597833  13854915           夏日限定菠萝猫         0
749   697964606  23107894            爱吃的萤火酱         0
750     2108977     47325               葱白君         0
751  2099635516  23229192          白床Perori         0
752  1552531961  23236287             黒霧にいろ         0
753       44469    744732    柩Kyuu_Official         0
754   550899722  23146219             鱼遥Yao         0
755   367295017  23320407             账号已注销         0
756   299211960  13381293         异世界的暮卡er_         0
757  1585320184  23319825             账号已注销         0
758   698094102  22573826            我不好说了捏         0
759     2139677  15161590            转生中-南川         0
760     5471378    481086            可以哦___         0
761  1401208510  23008996             豆子Ayo         0
762   104980443  23096939         瞳official         0
763  1928217508  22943224            代号-202         0
764   628835970  23152492           店长今天有点困         0
765  1606577455  23190727      妙善公主Official         0
766  1583690517  23148607            纪律部南波兔         0
767  1994541396  23095291    库拉里罗滋-官方WACTOR         0
768  1237746158  23104974               小夜铃         0
769  1451827196  23133856             账号已注销         0
770     8063267   5291090           米米米M米花糖         0
771     1590297     17368               缱落铃         0
772    95286968   3923040          阿贞zzdrws         0
773  1315935808  23124800        绿绿official         0
774   304538761  14370788   世界猫Nia_Official         0
775  1801375919  23104752             账号已注销         0
776   437073522  23064003          歌奈pigeon         0
777  1820277537  23101371             纱柚sau         0
778   436823223  23045312       茨少凌_Channel         0
779  1043321643  23084794       STOP0000011         0
780    83340815  14754466            极北的狸喵酱         0
781     7801382    291509               啊朔丶         0
782  1434788295  23012235       STOP0000012         0
783    39796923   5261059           程Rizwan         0
784  1910896691  23057716             账号已注销         0
785   688898768  22531409             账号已注销         0
786   375370414  22213220           蜜汁de自信i         0
787   646658134  22888048         或许爆爆就是金克斯         0
788  1661076923  22821806         私Official         0
789   690608701  22778617          犬童Kendou         0
790     1359996    664481       南宫灯official         0
791   647575049  22553538     月见里朔良Official         0
792    11850816   1437304        VECTOR_维克特         0
793    32365653   2659281            慕瑶的花花哇         0
794   486618657  21720301      月兔华-WACTOR官方         0
795   247652554   9934974              网友小鸢         0
796   483419193  21776474      新月岚_Official         0
797  1103073471  22671791          小豆沢Azuki         0
798  1599316734  22667136         Nokooooo_         0
799    34019939   3820990           卡琪酱Taki         0
800   474593912  21622694      超V学园_白祁Seven         0
801   642588972  22409418      佐仓旬夏Official         0
802   442655565  21503113       芙栗希娅Felicia         0
803   436596837  21463227       家长麦Official         0
804   652240042  22485731   闪光Pika_Official         0
805    94928549  22485622    贝伦修坦因_official         0
806   625255764  22439372           新账号在置顶里         0
807    73544914  10666184           橘栗_July         0
808   471308347  21664698        寿寿歌_suzuka         0
809   389858027  21130785      百鬼绫目Official         0
810   624252710  22349494      狮白牡丹Official         0
811   370687588  22111428            花留Karu         0
812     2154078    614957           真的不是那个酱         0
813   474593910  21622687        超V学园_林伊Eli         0
814   354411419  21618138          希薇娅Civia         0
815   479965355  22210240   萝卜蘸酱_机萪Official         0
816   434341786  21452118             账号已注销         0
817   511613155  21908196          阿媂娅Artia         0
818   511613157  21908222        罗莎琳Rosalyn         0
819   511613156  21908209          朵莉丝Doris         0
820   491474048  21752681      天音彼方Official         0
821   456368455  21641569               黑桃影         0
822     7688959   9565979         爱吃瓜子的薇一er         0
823   332704117  11588230      白上吹雪Official         0
824   336731767  13946381       夏色祭Official         0
825       98181   4418655       菫妃奈Official         0
826   373493702  14110147             兰若_Re         0
827     2350845  21349375            咩咩咩咩呀咩         0
828   375504219  14917277     湊-阿库娅Official         0