            uid   room_id              name guard_num
0     672342685  22625027           乃琳Queen     10721
1     672353429  22632424            贝拉kira      6378
2      18149131    704808    Overidea_China      3004
3     672328094  22637261           嘉然今天吃什么       983
4     672346917  22625025             向晚大魔王       950
5     351609538  22634198           珈乐Carol         2
0     401315430  22886883       星瞳_Official      4272
1     480680646  21696950             阿萨Aza      4120
2        477792     24393               雪狐桑      2486
3     434334701  21452505         七海Nana7mi      2220
4    1795147802  25512501             柚恩不加糖      1677
5    1588646945  25206807            巴老师的小号      1420
6    1856528671  23256987            陆鳐LuLu      1143
7    1669777785  25512443            露早GOGO      1121
8    1778026586  25512465            米诺高分少女      1114
9     692283831  22571958     美波七海-official       997
10   1601895109  25245573    shoto_official       954
11   1265680561  22603245              永雏塔菲       935
12    508963009  21919321       HiiroVTuber       762
13    349991143  12235923     神楽Mea_NHOTBOT       705
14      7706705     80397          阿梓从小就很可爱       703
15      3821157  21692711         东爱璃Lovely       692
16    401480763  21402309     眞白花音_Official       603
17       140378    958617              梦音茶糯       585
18    477332594  21652717         白神遥Haruka       565
19       632960   1944820        切茜娅CheIsea       563
20   1775966996  24731541   Vox_EN_Official       485
21     56748733  21756924           雪绘Yukie       431
22    489146840  22301377       奈奈莉娅Channel       430
23        45502  22650610         冥冥meichan       384
24    269415357   7688602            花花Haya       372
25      3035105   3415150            奈姬niki       351
26       282994     47377           泠鸢yousa       350
27     14387072   6374209              小可学妹       332
28    617459493  22384516                呜米       331
29       249118    363889         shourei小N       329
30    358629230  13328782           Flora圆圆       309
31      1950658     41682               早稻叽       300
32      2299184   8725120      古守血遊official       297
33    387636363  21013446      雫るる_Official       295
34       745493   8792912                咩栗       269
35    407106379  21396545     绯赤艾莉欧_NHOTBOT       256
36   1096223397  22853788    白雪艾莉娅_Official       246
37   1838190318  24643640             魔狼咪莉娅       240
38    441381282  21547895      花丸晴琉Official       230
39    473244363  22992234          蕾尔娜Leona       200
40    697091119  22676119  猫雷NyaRu_Official       188
41      3046429    938957              祖娅纳惜       164
42    406805563  21320551       乙女音Official       122
43      5563350   4138602       小希小桃Channel       117
44    434565011  21449083      物述有栖Official        92
45    504674421  23588360           零诺Reino        71
46      1473830   1485080       AIChannel官方        35
47    381257126  22709927              正版戒九         3
48   1370775553  22974318              -桃易-         2
49    667526012  22622535     文静_千鸟Official         1
50   2001283668  22642673    路星晨Morningstar         0
51      9034870    190577      星街彗星Official         0
0    1673137696  24731561  Luca_EN_Official       792
1     480745939  21696953            罗伊_Roi       775
2       4176573    870691            Akie秋绘       762
3      51030552   1603600            星汐Seki       722
4     574317507  22210372         香取绮罗_kira       548
5     698438232  22673512                扇宝       518
6     690608690  23260932          恋诗夜Koxia       509
7    1437582453  22816111       東雪蓮Official       488
8      43272050  21646457       穆小泠Official       365
9     698029620  22696653           兰音Reine       361
10    441952268  22014628          五月织姬ctsu       350
11   1875044092  25512476             莞儿睡不醒       339
12    479633069  21677969          秋凛子Rinco       331
13   2094031249  22748536             火羽ひのめ       330
14    488836173  25411285       yoyo鹿鸣_Lumi       314
15      9066351  21737386            塔克Tako       306
16   1811071010  25512485            虞莫MOMO       286
17     11431931    675014          ninnikuu       264
18      3985676    947866            扶桑大红花丶       256
19    690804827  22545602        花满Official       245
20   1802011210  22758221      夏川玥玥Official       242
21   1958703906  22894962            靡烟miya       237
22    434662713  21448649  NoWorld_Official       228
23       780791   5561470            Mia米娅-       225
24   1219196749  23303212         唐九夏还想再躺一下       225
25    476725595  21775601            西魔幽Yuu       224
26   1359949418  23224539            小小约yoo       221
27    225347042   9162799       九重紫Official       217
28       922573    251015          黑泽诺亚NOIR       217
29   1875094289  22754458      小铃久绘Official       216
30     54191665   8643223       木糖纯Official       208
31    591892279  22889484              希月萌奈       207
32   1641367203  24745250           新生代持剑少年       204
33   1643484295  22900071           岱川Doris       202
34      2100679     56237            还有醒着的么       201
35       510047  22333522         伊万_iiivan       198
36    690608698  23260993           瑞娅_Rhea       194
37    623441612  22347054      椎名菜羽Official       193
38   1484169431  23805029          雾深Girimi       188
39    631070414  22389206              折原露露       188
40        52522    850221               露蒂丝       184
41   1376650682  22857429        葡冷尔子gagako       182
42      8881297     55634        钉宫妮妮Ninico       182
43   2072717192  23969425            万拓普TOP       178
44    109834414  24492364              井上鸢御       176
45   1294678093  25166222          杜铂雷Dobre       174
46    393885664  22882574            诺可Noko       173
47   1501380958  22746343        艾露露Ailurus       172
48       518817   5169315                早凉       171
49   1657906522  23696756              花雨春绘       169
50       163653    162180   尼奈nine_Official       168
51     14897804   7953876           宴宁ccccc       167
52       610390     14893     乌拉の帝国Official       167
53   1570624336  25524451     MerryOfficial       163
54   1383815813  23221095           吉诺儿kino       163
55       620903    870004        泰蕾莎Channel       163
56    471460273  22195814           杜松子_Gin       162
57     12939237    264788              有棵里里       161
58    385281102  21749031         紗耶_sayako       161
59    121487111   4585823               东野凹       160
60    480248442  22381346           北柚香Yuka       158
61   1296133469  23332935          路菲比Febee       155
62   2006452883  24778741         路希维德Wiede       154
63   1202416628  24255210            眠特Mint       154
64    690608693  22778610          勾檀Mayumi       153
65    292838396  12845193              鸢尾牙牙       153
66   1199634708  24742685             梅妻ume       151
67     57871034  23246736               栀小朵       151
68     13089665   1223832             橙子miu       148
69      4718291   1155608         花见汐梨Yuuri       148
70      1612112   1321846        夏诺雅_shanoa       147
71     15641218    573893        帅比笙歌超可爱OvO       147
72   1141334416  25155352      齐格鲁_Official       146
73      5005968    866400             米白zzz       146
74      5659864   2064239               鹿野灸       146
75      1521415     81004       艾尔莎_Channel       145
76       731556     92450             綾音Aya       145
77     17661166  21925332       鈴木玲子_Suzuki       144
78   1220621189  22852903      东堂比乃Official       143
79    671538942  22571722           黎歌Neeko       142
80    477317922  21672023            弥希Miki       142
81       749499    915110          神咲乃希NOKi       141
82   1942864208  24827493          卡萝尔Akuma       141
83    398655122  21713184               莫熙呐       140
84     30507713    444084             小小小小玟       138
85   1544125954  24731569    Mysta_Official       137
86    372984197  14052636  夢乃栞Yumeno_Shiori       136
87    324884920  22320946               江壹纯       135
88    484322035  21712406     AIChannel中国绊爱       135
89      2341174    918717                池年       135
90    697737710  23369901          蝶蝶Hikari       134
91   1394160176  23808442         纱音_Syanon       134
92       899804    411318          红晓音Akane       134
93    545530293  22563900            饭团喵にゃん       133
94     11253297    392523            多多poi丶       133
95       186463    337374              綾奈奈奈       133
96    321650277  24833274          凤小七seven       132
97    703018634  22605289         莱妮娅_Rynia       132
98       741520     33942        茶冷_Channel       132
99    283886865   9234980         说说Crystal       131
100  1265605287  25061813         麻尤米mayumi       130
101   480432362  21685677               鈴宮鈴       130
102    81552504   3248270            原味奶介呀_       128
103    16510117    623698             机智大灯灯       128
104  1846208014  22864117        盖乃希亞Galaxy       127
105  1768094747  24153954               安纪亚       125
106    13199099  21724277               植物椿       125
107    24957521   4726132            吃肉包的怂鼠       125
108  1816182565  22898905        珞璃Official       124
109  1584039005  24954295              星见汐娅       123
110      607286    757349              i御十二       123
111     8558528   8726118           清濑冰ices       122
112      659401     19064                荀异       121
113  1752208642  23293581         犬川面面Miami       119
114     7758230   1376191              亦之紫F       119
115  1243266187  22742508    林莉奈RinaHayashi       119
116   509050400  21879412            雷柏磷ボリン       119
117    28278764  23578004              织月黛黛       118
118     1743015     40195           星越Koshi       117
119  1637486568  25622556              梦咲有绪       116
120     1595005    450956            录音姬阿童木       116
121   515053790  22110436           椋笙栗Kuri       115
122    35231887    469803              星海玲奈       115
123   434401868  21457197              中单光一       115
124  1355412269  23075997           随一Suiii       114
125   598716541  22712271           春小花sama       114
126   593793031  23854724           泉鹅Izumi       113
127   505183397  24143549          桃宝Momoko       113
128   702411002  23351434               怦怦梨       113
129  2126507529  23527503            蒂莉雅回家家       113
130   257463461  11559434              小猫蛋卷       112
131     6415072     43241              虚拟小萨       112
132  1950721001  24817507             天天Ame       112
133  1553780731  23965951          许亦真_REAL       112
134   473513205  21611039          夏可可_Kero       112
135   230487728   6615406           嚼着软糖想昵称       112
136   529341976  24334012            奶芙wuhu       111
137   410689349  22054199              仙女安_       111
138  1116286149  25089255      海童亚奈子_propro       110
139  1124440113  25604590              明夏珊海       110
140   567234492  22321043         玛安娜Myanna       110
141   364728311  13802532     星蚀_Finsternis       110
142      210628      5229          MKiiiiii       110
143    47791562  22861834            赫拉Kris       110
144   525105971  22067425       紫海由爱Channel       109
145     5816642    790566        星谷樹_itsuki       109
146  1386545245  23667609     犬卷日鞠-官方WACTOR       109
147   477342747  21672022         星弥Hoshimi       109
148     1780645    540024    粉黛乱子Capillaris       109
149   437786939  21473201             keii萤       108
150   589799673  22671467           艾妮娅Enia       108
151     1750561   8721033               蜜球兔       108
152   395865658  22454728             茅山张懋衍       107
153     6699767    713435               未未昭       107
154  2049968320  23343237               夏卜卜       107
155   484660274  21706862       七咔拉CHikalar       107
156  1011797664  24697117          卡缇娅也不知道鸭       106
157    11771366   1114551           莉夏Lecia       106
158      795926  24022621   铭音MeIoN_2022稿期满       106
159    13630808    362064               顾疚疚       106
160   378606811  22341433              螃蟹那由       105
161     2128310    399854             夕兔_H2       105
162     1802392   9395707            榛葉nami       104
163    24003005   1246242            水水超水嗷呜       104
164   503801557  23778409     猫姬琥珀_official       104
165      846180   3012597          喵田弥夜Miya       104
166    12497617   4788550             胡桃Usa       104
167     2878144    708397        鹤祁_Tsuruki       104
168   160450916   5293697          小风铃是只咕咕狐       104
169   429964467  23114598          卡连Kallen       103
170   109564538  23631708       夜雨_Official       103
171   313248263  10413051       宇佐紀ノノ_usagi       103
172     1598595   6869043                朗加       102
173  1025491703  23941099     塞拉菲娜_Serafina       102
174   358085156  14848063          魔法少年电池er       102
175     3188835   1766019             叁仟院可奈       102
176  1155425566  23805066           希侑Kiyuu       102
177   176135235  22880700       星野怜Official       102
178   618107325  22334596            阳阳不想熬夜       101
179     2093232    994304              轻叹ww       101
180     1363457   1487005           米团团Miho       101
181  1927037753  23261911            纱鱼sayu       101
182    96264399  23129160        和水_nouille       101
183  1512788587  23388273           诺娅Sukie       101
184  2115139772  22877717        莉莉幽ririyuu       101
185   551527845  22810269            迷柚_mio       101
186        7966    597450              花园花玲       101
187  1819548520  24906576            桃酥Momo       100
188     5986897   6204892           绫月汐Shio       100
189     4447907   4076610           不想睡觉的洗洗       100
190     1697694    602283                蝶太       100
191    17511965  14343955            咦我的头发呢       100
192    12450452  22262300              人间蜜药       100
193   282875499  22387734                衣娅       100
194   194326389   6203304              兮子cc       100
195     7482932    197082               倾瓷v       100
196   421267475  21403601            艾因Eine        99
197  1543083238  24160882          纱箬sariel        98
198    34815578  23116807          りんうらん霖雨蘭        98
199   602724685  22300771         雷岁_Raisai        98
200   699327470  22578273             蜜汁粥粥_        98
201  1809810330  24188245             摩亞Moi        97
202   193558681   5391723              激辣味噌        97
203      433307    818240            洛佩sama        97
204  1570795034  24564657              咩也爷_        96
205  1006140314  24921679     瀬兎一也_Official        96
206   472848826  22404256           纱世_sayo        96
207   686241472  22520319               团小哈        96
208   516678537  23300805             C叔小酒馆        95
209   423902976  21603945         Minicatty        95
210      720964   1521498           你的可樱已上线        94
211  1734677911  23245990             酒菜禾子呀        93
212     1524009    177152             砂纸大魔王        91
213   652298653  23234552       餡蜜椿official        90
214   576858552  22323445           毬亚Maria        90
215    17794913   1033927             猫辞猫辞猫        89
216   316381099  15152878             鹿乃ちゃん        89
217    23155481   5461024              一点荧惑        88
218  2007781080  22989215      天曰小雏Official        88
219   666726799  22470216             悠亚Yua        88
220  1658766768  22821718               午哞哞        88
221   353361863  21514463            七濑Unia        88
222   558070433  22389319        千春_Chiharu        88
223   176528442  23086860              三宝iu        87
224    37756047   1352574       申岚_Official        86
225  1069108539  23472646     小鸟游杏子Official        86
226  1070733875  23238218      怠惰V_official        86
227      529249    282208             诺莺Nox        86
228    25032753   5312656             果汁erR        86
229      640283    806683             花洛栗栗子        86
230   110467463  23485668             夏亚的房间        84
231  1697848019  23490978           赤五教教主亮亮        84
232  1372936974  24441860   可妮Koni_Official        83
233   703068520  23296355          想不长肉的喵小泽        83
234  2093872604  22976643           五条软yuki        83
235  2052064438  22824550            罗菈Rola        83
236  1048861669  22700047         人形冬萌_Tomo        82
237     8760033  14846654              小司无常        82
238  2140412037  24485048               晨悠光        81
239  1343252680  23582081            竹已Take        81
240     5482095     57437                碳鸽        80
241     9923775    925758               柯暮卿        79
242   664047468  22772718            莉姆丝OvO        79
243  1795716989  24967779          阿鹤-Crane        78
244   690608714  23805078          狩砂Karisa        78
245    12862137  21359166        鹤羽Official        78
246   591843065  23587027         天海今天又懈怠了呢        77
247   690608709  23550749             尤格Yog        77
248   606293627  22625077         月兮Channel        77
249   697652272  22569046                早穗        77
250    18075705   2757197               夜然z        76
251   325907302  22404898            冬日不要酱子        76
252  1660392980  23771189             恬豆发芽了        75
253      234782    544625            祈Inory        75
254     3526739   1921106              绯叶明依        75
255   272705818  24399819           仓仓爱吃牛肉干        74
256     9361427    905813               清則子        74
257  1674274422  23098405            小语若mua        74
258      425286    292397      巫贼_ikataruto        74
259      317000     10545          adogsama        74
260  1968342232  24538373            曲奇Aria        73
261     1583472     24125           鲸落落raku        73
262   602200741  22288644           瓦妮Vanee        73
263  1220317431  25290861              凜凜蝶凜        72
264  1678686361  24837306          Sandy睡醒了        72
265    39952788   7619799        羽蝶酥酥今天被吃了嘛        72
266   416622817  21413565         步玎Pudding        72
267      744713   2611014       雨宫水希Channel        72
268  1630494154  24715515            蔓Aoede        71
269   400421892  22839866         惠惠_Megumi        71
270     2679304    874479           卦者那啥子靈風        71
271   698168210  23094410       画外灯official        71
272    16907771  23158413           雪虎Black        70
273  1282271864  23459804            自由魂儿儿儿        70
274   674839637  22537284                黎耶        70
275    67246581  21711976        凉米饭Channel        70
276   690608686  22605463            茉里Mari        70
277   526225523  22290215                费可        70
278  1926156228  22608112         希亚娜Ciyana        70
279   410124536  21368856             阿黛不太呆        70
280   394593891  23605152       黑岛麻由_online        69
281      334299     34587                零太        69
282  1939568047  25100511              沧海月萌        68
283  2064099563  24762598           茂Sigeru        68
284    35565205   4375036               茭白柒        68
285     8041302    725364             污喵污喵哒        68
286     1401928    924973               火西肆        68
287  1288036991  24411398           小惹Azure        67
288     2240157   3471186               姬野青        67
289    58485079   2098875              温之九丶        67
290    16217876   7768761          白夜小鸠Hato        66
291    21693393    370468            幽灵车尔尼桑        66
292   396316042  23199554   羽咲Rabi_Official        66
293  1273319763  23095176                璎绯        65
294      839059    739818           妮特_Nito        65
295      117906     11306        阿伊蕾特Ayelet        64
296     3774410   1960179         樱饼饼Sakura        64
297   690608704  23017349           桃星Tocci        64
298  1132553462  24471858               烛宝哒        64
299      398431  24173090        塔蒂娜Tattina        64
300   377042295  21594123              挽歌歌_        64
301  1308967115  23029299              鱼一YY        64
302   690608702  22778627       九十九_Tsukumo        64
303    94363275  21710273        日向葵Channel        64
304      545511     10360             速冻猫犊子        64
305      512480     29183            YUKIri        64
306   477306079  21672024         真绯瑠mahiru        64
307  1802937912  24846830       Valentina蒂娜        63
308    11399495   4910271               鸽一品        63
309      649833     45940             茜茜甜兮兮        63
310  2119815078  23626594          安蒂维娜-克莱因        63
311      744031  14009974        蝶蝶狐_Chouko        63
312  2123631024  22865391     辻蓝佳音瑠_channel        63
313   128912828   4767523             沙月ちゃん        63
314    11655582    924325                鵊鸣        61
315    14405936    331747          必不可能鸽的青璃        61
316   397244810  22661866             偷偷Toi        61
317  1705007318  22920508    星ノ宮春鈴_Official        61
318   181998984  10956073              果糖含量        61
319   690608691  22605464          千幽Chiyuu        61
320     5374546     57018                望神        61
321    45336140   4346806              星野绵奈        60
322  1216158888  23784861            果奈suki        60
323    14350494   4215185       犬山奈奈Channel        60
324   303246676  10049827             栖苑太困辽        60
325   599254182  23246975            冰淇柠QAQ        59
326  1315870194  23106228           芙拉_Fula        59
327  1993395129  22967698        散華藍SankaAI        59
328   474593909  21622680           花玲Karin        59
329    13908542  22251977       柊真华Official        59
330      264161    837039        ❀Sakulaˇ小舞        59
331     9264492    681838     杰池莉尔-Succubus        58
332    23100916  23148857        诺诺nono_nya        58
333   494850406  21990617      白银莉莉Official        58
334    36081646   1546736               洛天依        58
335    65568410   2516117        管珩心-中间的字念哼        57
336     3328498   2416317             祁宝困兮兮        56
337   661461705  22487947      莉莉安_Official        56
338  1518296186  23501664          莉奥拉Liala        56
339    27554691   8816397        熊崽_BearRRR        56
340   441382432  21547904      小东人魚Official        56
341  1164975438  22809132            幽乜Yume        55
342  1880355910  23520070              秋月盈儿        55
343       29080  12576972           无前Namae        55
344   666726801  22470208            勺Shaun        55
345      128552    283870   JimDez_Official        54
346   180035670   5298167            皮卡少个丘w        54
347    61639371  21484828     轴伊Joi_Channel        54
348   113608686   5551332               思意酱        54
349  2042629175  24963677    范塞尼尔_VamSenior        53
350   258875006   7202100         溯月Sotsuki        53
351    49142760  22815234        咪诺今天也要元气满满        53
352     2048677   1868279            米见Mita        53
353   392505232  21224291    安堂いなり_official        53
354    20966016  23722192        绫濑Official        52
355     3802666    783445         Ask是Asuka        52
356      249243   8688111    小豆沢あずきofficial        52
357    36576761   6129586       诗小雅Official        52
358     2654466     64566          猫幼cattyo        52
359      597701   1375798         压刹channel        51
360     9736638   2206397              星野琳奈        51
361      890735   2698402             Atom玲        51
362    13158687   4339349           超绝卫星轨道炮        51
363   558070436  22389323          清良Kiyora        51
364   487550002  21811136     猫芒ベル_Official        51
365  1451797925  25148241               尹青依        50
366   470085432  23128657       派萝喵Official        50
367   484451346  21706254         绚辻眠兔Minto        50
368   582225536  22286296             麦芽不甜_        50
369    74617154   2996680          倪奈奈变欧亿点点        50
370   688275304  22621413            Zoe_舟一        50
371  1340967709  23149132        花云凛_propro        50
372  1323227037  23252619         山椒阿露波Arpa        49
373    12945093    497517              冬雪沫沫        49
374     2239559  10877511  Mira恶魔米拉official        49
375  1382719257  23517719    咸蛋黄饭团-official        48
376  1489377760  23017641          竹月芽Meiya        48
377  1095803401  23710136         小春_Koharu        48
378     2650919   3525213           凛-阿格里亚斯        48
379     7794347  14509818           超级超级小啊打        48
380     1516482     42270         白桃Shirako        48
381       91352   2853663      心羽萝妮Official        46
382     1344144     97558       免免_Official        46
383     8171802    753667       风吟蝶_Channel        46
384      477007   3649650         Sawako碎花子        46
385     5870649   2052325            玫瑰先生LS        46
386    38271760  22682795        淩钰Official        46
387   692611676  22601447             井野川歌铃        46
388     1278545    175965        格蕾缇娅Gretia        46
389   690608694  22605466             伊深Imi        46
390    12120515   2425420   尼奥喵Neil_Channel        46
391    26541399    360169          鹿子kanoco        46
392      278296   8641515               橘绘理        45
393  1422451239  22715167       布丁喵official        45
394  1899153123  22787192       芒崎小吉Channel        45
395  1810786106  24063763              千岛尤樱        44
396  1703797642  22966160       李豆沙_Channel        44
397     4365978    193520              一支橘猫        44
398  1420419918  22745778         浅井有纱Arisa        44
399      487902   7595278           召唤师yami        44
400  1863644136  23240551            弦羽Hane        43
401  1263271233  22993378            铃伊_Rei        43
402     8156542  23058813          芙蕾_Furei        43
403  1701192807  23900853               音离宝        42
404   399923919  23426285              姜南星_        42
405     3614240  21700355               御司司        42
406   690608706  22605469      田野柴Tanoshiba        42
407  1152597935  22720043             星宫魔琉瑠        41
408     1926687   1517135       猫川多多道-taku道        41
409    19986917  24343457              与枝老师        41
410    16059520    452450     五彩呆鸟咩Official        41
411  2009235986  23093993         戌夜初Hajime        41
412     8198901   6959050         染染_Ranoca        41
413      651649   3725076              特莉丝忒        41
414   387108043  15142311            莉姬LIJI        41
415    41461068   9618253       艾诺斯Official        40
416  1757836012  23905403           量子少年-楚枫        40
417      147688     35350              lvlv        40
418   286113280  21742155              望月希咏        39
419    15225468  23389000      辛西娅_Cynthiaa        39
420      826393     97687               叶洛洛        39
421   690608689  23260856          夜宫Yomiya        39
422    34423885   6485126            耳可Milo        39
423   623441609  22347045      凤玲天天Official        39
424     3032688   6760154             -Yu酱-        39
425  1834090921  24849407          哟蔻桃桃YOCO        38
426    17907167  22843050          狸哩今天也是废狐        38
427   157330863  22041958      神奈希_Official        38
428   410741448  21399689      Milky_Vtuber        38
429    21374533   1221274         彼岸霜滢Eliro        38
430     6000336    550335       AirSAMAdesu        38
431    11137181   4109869        伊莎蓓尔Isabel        37
432     8978401    882267              弭尔焃巴        37
433  1004127267  23648738            芙蕾娅フレア        37
434   323774877  21732370           星陵Betty        37
435     7591465    873642            里奈Rina        37
436  1156637837  23085720             雪绘莉莉奈        37
437   493885362  23195139          岚墨_Holic        37
438   359081808  13990730            季毅Jiyi        37
439   442902274  21573665      紫桃爱音Official        37
440     4861197    311280        雾雨威Channel        37
441   233299554  23025519         麦乐桃_Molly        37
442   412630000  21348897            亮_Sama        37
443     4911722  22074371     黑桐亚里亚Official        37
444    43466186  21742849               峥峥っ        37
445  1241843977  22862504        御宅屋の鱼子酱o_O        36
446  1533406766  24448785           请关注明夏珊海        36
447  1723206278  23985703         希洛伊Shiroi        36
448    29488539    147488             这里是馍君        36
449      863287   5224688        天雨Rainfall        36
450  1042854135  23594422  ShizukouOfficial        36
451     1352646     74571        米哦Official        36
452   441315555  22582590          神代祐希Yuki        36
453   676278201  23337608              -言如惑        36
454  1181247064  23615209           森川雪yuki        35
455   526071118  22233836           魔法少女真理酱        35
456    43187576   1363311            _かがみ_镜        35
457  1803585918  23251345             千零莉露卡        35
458   302199093  10000323             稚Yuki        35
459    26087398   1016818     猫屋敷梨梨Official        35
460  1472906636  22727121            ywwuyi        35
461   482911295  21712635   绮良kira_Official        35
462   476676325  21649962        米蕾優channel        35
463   135980509  21701071            永远永远酱w        35
464   118754720   4611671               雨街F        35
465   571841213  22205953       三日暦Official        35
466    11300631   1313362          阿嗔Aurora        35
467  1011812576  23370653              奈奈大芙        34
468  1209958561  22807430               褚斐易        34
469  1405589619  23805059           希维Sybil        33
470     3149619   3822389   有栖Mana_Official        33
471     4242014   9170973          满天星Hoshi        32
472  1677271465  23319833            尤酱睡饱饱w        32
473   472877684  21613356            惑姬Waku        32
474    23263470    972474               法里达        31
475      835644    735709        卡农_Channel        31
476   336442974  22845802           夜原没有小尾巴        30
477  1115540220  22973442          夏莉Sherry        30
478   323905978  23417026       忧特若丝_Uterus        30
479    75094637  23562312              尾巴困困        30
480   393457552  21785289              A梦酱吖        30
481   689840611  22950737             蟹宝没有钳        29
482   628061724  22371829      神月萤_Official        29
483  1848290057  23404362            灯瑠hiru        29
484  1688076885  22865861               ねこれ        29
485  1121411561  22935036                万灼        29
486      323153    609304            小豆芽安雪璃        29
487   690608687  22778596            蕾米Remi        29
488   438848253  21545805            盲盲Memo        29
489      394936   8725320  盐天使riel_official        29
490    20875904   4315783         无家可归的流浪鲲鲲        28
491     1602085    171195              Yuu喵        28
492   434563934  21449068         叶Official        28
493     6716902   2371727          吉鲤yuriri        28
494   529107543  23099155               fa漠        27
495    96975902  23680570           是悠姬Yuki        27
496   663577831  22500194            幼薇喵nya        27
497     3063155   1259929            饭咩Meya        27
498       88687    449396              w丘丘w        26
499  1914655751  24467094         爱宝Channel        26
500     3084780    529718          空伶cherry        26
501   513273343  21920570           龙西Rinya        26
502    36996701   2447665            桂花酒酿元宵        26
503   472845978  21613353            有加plus        25
504   604738184  23390101         雷米尔Remiel        25
505    92610220  24319484              你群离岛        25
506   690608712  23550793             友夏Uka        25
507   688492564  22529153            婕婕才是姐姐        25
508      492862    566227      阳向心美Official        25
509   180247922   6116476         无趣Kirisaa        25
510     4718716   2303412               鱼鸽鸽        25
511     3570093   1589452              不举萌栗        25
512    81534454  24003630              曲莓团子        24
513     3301695    872551             电鸟个灯泡        24
514      408696   5631165            浥昕sora        24
515  1242456361  23069606      长月春雪_Channel        24
516    26398020   7544221       异株湖Official        24
517  1285890335  24088644        海德薇Hedvika        23
518   666726802  22470204            瑞芙Reve        22
519     8247516  24093696              花田田甜        22
520  1468007004  23362558              望月理莎        22
521  1055615738  23245332           莉莉洁想吃点心        22
522   273245608   8857387        苏宇能有什么坏心思呢        22
523  1731037094  23113220         月野木罗_kira        21
524  1089059487  23089686      星奈铃-官方WACTOR        21
525   499276043  23046619        沙利叶_Suriel        21
526  1813355484  22830111              水月泉汐        21
527    97340936   4012961       S1娘Official        21
528     1869304   6632844      孙有劲Sunyeojin        21
529   650573749  22506899          尤利娅Yulia        21
530  2002262461  24013737              一个溪宝        20
531  1494451119  23065710               小馋狮        20
532  2111566071  22874107            小禾mohu        20
533   442426299  21799389      琴吹夢_official        19
534    24626465   6519380     半糖果茶_official        19
535   471723540  21727410             一块电鹿板        19
536   436693674  22159299      早濑弥生Official        19
537    35819875    515759            宋三岁sss        19
538  1278321533  23786670            椰乃不是椰奶        18
539  1687861308  22695385              晓曦超甜        18
540   346381116  12624443              樱庭香草        17
541   556027338  22757605        Yumi和烟璃の日常        17
542  1968783589  22926711          茉吱Mojuko        17
543  1094889067  23136093                雪理        17
544    14493990    863065               韩未晞        17
545   272983835   8043184          魔法少女喵月月酱        17
546   517746113  22055164           御剣莉亚-官方        17
547   431473020  21426806     初焰Hatsuhomura        17
548    16518078    448395             莫奈睡不醒        16
549  1269309692  24169782            涅梨Neri        16
550   517060084  21970333       一颗芽Official        16
551     8704649     41769      桐桐子_Official        16
552  2067797082  23390327            末北Neko        16
553    15076745    364027              彩虹酱哇        16
554   666726803  22470189      伊莎贝拉Official        16
555     6483727   3558274        小恶魔channel        16
556   525978277  22078423               千亿呀        16
557   120279132  22598262      猫ゐ咲夜official        16
558      515455    602744             奴良睡不醒        16
559     4763529     40529        幽灵事务所_XPEC        15
560     5106924     76326        桓信Official        15
561   474369808  21696957        度人Tabibito        15
562     4071581   1050301           小毛拔了个火罐        15
563   391614061  21300316           日月咪玉-官方        15
564   340345723  23806497             阿雾睡不醒        14
565   286914392  23193752                秋淩        14
566    11181582    100963              -流仙-        14
567     2954058   7791548              阳口沙织        14
568  1353739557  22718711        长绾raffaele        14
569     3303103    519052             机动型青空        14
570  1865791469  23625060         橙歌歌睡不醒OvO        13
571   414827620  22257854                团奈        13
572    44903085  14197798           安晴Ankii        13
573   474593911  21622688           _慕斯Muse        13
574    11187227  12320762         铃月澪Azlier        13
575   374017536  14239687          女巫Vivian        13
576  1411553322  24469153            侑萝Yoro        12
577  2132566155  23138488         帕米尔Pamirs        12
578   381439252  23031625            兰笛Saku        12
579   420249427  21403609            琉绮Ruki        12
580  1468306600  23556311      皇白璐-官方WACTOR        11
581  1086675151  23942393            言彦_SAY        11
582   522045311  22029628        柯柯Official        11
583    37502021   4536168             奇奇Qi7        11
584  1226750038  23141734              木熏熏吖        11
585    22765153     70808              那神银酱        11
586   430219038  21660284       希贝尔Official        11
587   421347849  21415012    白百合リリィOfficial        11
588   386900246  21304638      神楽七奈Official        11
589   104602477  23913870           OoKami君        10
590    62411789   3994724  KKKelly_Official        10
591     2141162   2885077  五十岚佳乃叶KNHChannel        10
592   541696090  22340341           早见咲Saki        10
593     1576121   4895312          帕里_Paryi        10
594      314993     58593    橘柠院Jny_砂糖橘Soda        10
595     1850809    298094            墨白siro         9
596       90873      5424              内德维德         9
597  2123801125  23105517          星谷呜冬Udon         9
598   456749835  22782192      阳夏诺诺Official         9
599  1322881625  22705839             巫沐Umo         9
600  1613609207  23931597     神本樱奈_Official         8
601  2059039611  23375836        梨茉在数羊_momo         8
602     2523666  21110343             艾晓萌萌萌         7
603    77817759  24334336       特蕾莎Theresa_         7
604    19366645    473323              悅音幻絲         7
605   479193165  23683349         卡露比Karu8y         7
606  1081765694  23208247            花梨梨爱鹅笑         7
607   237256572   7511203             折扇想睡觉         7
608    34237849  22802744               千代茨         7
609  2112973233  23075120          约修亚Yocia         7
610  1677301717  23038420           由咪Kyomi         7
611    13821638  23139505           舒听酒要努力呢         7
612  1658229747  22760722            柚叽Uchi         7
613    21025175  22895029             芝麻狐狐-         7
614   488970166  22030718            花谱_kaf         7
615      451793   6580433             一块薯饼呐         7
616    21682845   6171178           犽犽是个小憨憨         7
617    14634764     37799               英短喵         7
618   364225566  14578426         战斗吧歌姬官方账号         7
619   500702858  22221841               周永烈         6
620     4506529   5179685          Maru不是马茹         6
621      542746    653547            丨Keepo         6
622    19462294   3777439               柠狐柃         6
623      165375  23146138         阿凌-接2D转3D         6
624    47868246   2241806            戈洛Glow         6
625    10030059   3858888              伊月猫凛         6
626   628292881  22389314         卡欧斯_Chaos         6
627     1480838    759938    EricaZehnt_埃莉卡         6
628      461809    962983            一只皮皮熊呀         6
629      373263    709219         旺财Inukami         6
630  1357287708  24893910       胡锡子Official         5
631  1315573139  24087754         罗兹Blazing         5
632  1679938687  24122168               段段嗷         5
633  1330766232  24137142               冰兔w         5
634  1620923329  22622469      琳_千鸟Official         5
635   670473494  22478114             慕橙mmm         5
636    24892274  12276581               风沫语         5
637      269558    544624           pipi-萍萍         5
638      199915    435048             空风Kuu         5
639   358695457  13576775       小虾鱼Official         5
640   327549355  11568967       七紫喵official         4
641   523133310  22663131       雅丽斯_Channel         4
642   651402196  23769635            今朝尘尽光生         4
643  2103954767  22846258          阿莳Komaki         4
644   228167069  23023985             林黛玉ww         4
645  1434286779  23715321       二朵Akirakira         4
646    85297446   3331468            星奈viky         4
647    21258448  11669208              西汐xi         4
648  1825301994  23118493       漪月灵-Aether-         4
649  1108865507  23071105             歌手艾七月         4
650  1147353799  23043489              神木潼潼         4
651     3076830   1559211             账号已注销         4
652   393595532  21157374         转生成骸骸子这档事         4
653         693  22348429             赫卡Tia         4
654   558984017  22414924            自己的高仿号         4
655   490331391  21763344           沙夜_Saya         4
656     3022597   3668504             露馅eer         3
657       37328    180696         卡欧莉_KaOri         3
658    27651919  23948328           栢岚Cx330         3
659   410602048  21434004        邱责责chuseki         3
660  1821760400  22905754            阿珉amin         3
661   489772340  21772091           阿尼_Arni         3
662    49653129   1522963       stage1st宅社区         3
663        1398    562257      灵源道长Official         3
664    87429152   4917068             俗语不可说         3
665   495707763  22934515        只只Official         3
666   636674318  22908657    虚研社经纪人Official         3
667   471226936  22039777               滑稽猿         3
668   431311100  21417013          月见_tsuki         3
669    12823143    290127    瑠璃川こはくofficial         3
670   473764233  21627536      田汐汐_Official         3
671   524279657  22197280            猫小鹰Owl         3
672   337827661  11575621        陆婉莹GodRiku         3
673      820535    718548          默磷Mayori         3
674      517601   1156041             账号已注销         3
675     7961896   9591764            荔枝呀qwq         3
676     4191585     18574              刹那仮想         2
677  1224180222  23852833           喵喵是只流浪喵         2
678  1723100461  24044804      琥珀玲_Official         2
679  2097219437  23733603           灵灵乃reno         2
680   686960404  22587407         园子_Sonoko         2
681     1523623   3668335           紅やAkaya         2
682  1943950465  23609888     MONA-official         2
683   334537711  13747625     艾白_千鸟Official         2
684      383599     15949            高町丶薇维欧         2
685  1090010845  22622290    艾瑞思_千鸟Official         2
686    96230774  22564918              宅喵阿桃         2
687  2036015357  22776501        利泽特Lizette         2
688    66692456  22915135         诺莉尔Nolier         2
689  1472782154  23080567            瑠瑠帆るるほ         2
690   686665614  22845214           羽宙Uchuu         2
691   474856218  21981503            奈璐Naru         2
692  1617739681  22791567            立花遥はるか         2
693     1974326  22668828         Moririnnx         2
694   124025181  22386431       水龙敬Official         2
695     8119834  12770821              千草はな         2
696   476903292  21666922     佐久間ねむOfficial         2
697     9074616   3448101                元・         2
698   455916618  21571739            无理MURI         2
699   595407557  22359795         菜菜子Nanako         2
700     6055289    947447       高槻律official         2
701     1740548     26283        小伞一把Kokasa         2
702     4450868   1413570              八宝酱阿         2
703   276436402  22685598               难欲别         1
704  1332334128  23800880             飞絮小仙女         1
705  1891728206  22623163   Coco_千鸟Official         1
706     5860011    992582        九尾的夜猫-Neko         1
707  2108532315  23509601       林野星Official         1
708   480723986  22840221             苏苏酱鸭l         1
709  1462858376  23108224        如壹的全宇宙唯一小号         1
710  1824597784  23212019      米露提亚Official         1
711  1010093017  23173129         马太Mastest         1
712  1401208510  23008996             豆子Ayo         1
713   342566986  22918406       云螭月_Channel         1
714   332093364  22860013        汐音_Shione_         1
715  2022640280  22882513             疯子又饿了         1
716  1589117610  23001181          朝海沫霓Moni         1
717  1910896691  23057716             账号已注销         1
718   429982753  22323231            四季折の羽_         1
719   646432928  22918711            路理Kuri         1
720  2143967328  22768399         纪代因果_Inga         1
721     6268594   3695068             鹿仔酸Q糖         1
722   496600848  22602225           甜梦少女卡莉酱         1
723    17059522   1495477           幻想乡的琉璃猫         1
724     8363141  22242682             账号已注销         1
725      828468    727143          烛子_ikina         1
726   427061218  21618129          夜霧Yogiri         1
727   451066708  21602686       新科动漫Channel         1
728    32589074   4872086      草加陆人laiciffo         0
729   216905835  22906028             原神の兜兜         0
730   492762252  23903294               大船记         0
731     2308730   3570974       xxxXx_X_XX_         0
732  1899937919  23429625                嫣珑         0
733    94923804   9195983                恺゛         0
734  1996270842  23551913              炽琳11         0
735    11951064   1138328             被遗忘者1         0
736   416614876  23365188     米尔帕斯_official         0
737  1847726295  23376684          尾绒Aurora         0
738   486997652  22692115              水卜泡泡         0
739   479768577  23084763             苗苗Mio         0
740    14382057  21513354            爱德华EDS         0
741  2014624029  23363777            残暴樱桃小熊         0
742  1865862406  23250283          恋野萌萌momo         0
743   252597833  13854915           夏日限定菠萝猫         0
744   697964606  23107894            爱吃的萤火酱         0
745     2108977     47325               葱白君         0
746  2099635516  23229192          白床Perori         0
747  1552531961  23236287             黒霧にいろ         0
748       44469    744732    柩Kyuu_Official         0
749   550899722  23146219             鱼遥Yao         0
750   367295017  23320407             账号已注销         0
751   299211960  13381293         异世界的暮卡er_         0
752  1585320184  23319825             账号已注销         0
753   698094102  22573826            我不好说了捏         0
754     2139677  15161590            转生中-南川         0
755     5471378    481086            可以哦___         0
756   104980443  23096939         瞳official         0
757  1928217508  22943224            代号-202         0
758  1606577455  23190727      妙善公主Official         0
759  1583690517  23148607            纪律部南波兔         0
760  1994541396  23095291    库拉里罗滋-官方WACTOR         0
761  1237746158  23104974               小夜铃         0
762  1451827196  23133856             账号已注销         0
763     8063267   5291090           米米米M米花糖         0
764    95334691   3821208              是沐釉哦         0
765     1590297     17368               缱落铃         0
766    95286968   3923040          阿贞zzdrws         0
767  1315935808  23124800        绿绿official         0
768   304538761  14370788   世界猫Nia_Official         0
769  1801375919  23104752             账号已注销         0
770   437073522  23064003          歌奈pigeon         0
771  1820277537  23101371             纱柚sau         0
772   436823223  23045312       茨少凌_Channel         0
773  1043321643  23084794       STOP0000011         0
774    83340815  14754466            极北的狸喵酱         0
775     7801382    291509               啊朔丶         0
776  1434788295  23012235       STOP0000012         0
777    39796923   5261059           程Rizwan         0
778   688898768  22531409             账号已注销         0
779   375370414  22213220           蜜汁de自信i         0
780   646658134  22888048         或许爆爆就是金克斯         0
781  1661076923  22821806         私Official         0
782   690608701  22778617          犬童Kendou         0
783     1359996    664481       南宫灯official         0
784   647575049  22553538     月见里朔良Official         0
785    11850816   1437304        VECTOR_维克特         0
786    32365653   2659281            慕瑶的花花哇         0
787   486618657  21720301      月兔华-WACTOR官方         0
788   247652554   9934974              网友小鸢         0
789   483419193  21776474      新月岚_Official         0
790  1103073471  22671791          小豆沢Azuki         0
791  1599316734  22667136         Nokooooo_         0
792    34019939   3820990           卡琪酱Taki         0
793   474593912  21622694      超V学园_白祁Seven         0
794   642588972  22409418      佐仓旬夏Official         0
795   442655565  21503113       芙栗希娅Felicia         0
796   436596837  21463227       家长麦Official         0
797   652240042  22485731   闪光Pika_Official         0
798    94928549  22485622    贝伦修坦因_official         0
799   625255764  22439372           新账号在置顶里         0
800    73544914  10666184           橘栗_July         0
801   471308347  21664698        寿寿歌_suzuka         0
802   389858027  21130785      百鬼绫目Official         0
803   624252710  22349494      狮白牡丹Official         0
804   370687588  22111428            花留Karu         0
805     2154078    614957           真的不是那个酱         0
806   474593910  21622687        超V学园_林伊Eli         0
807   354411419  21618138          希薇娅Civia         0
808   479965355  22210240   萝卜蘸酱_机萪Official         0
809   434341786  21452118             账号已注销         0
810   511613155  21908196          阿媂娅Artia         0
811   511613157  21908222        罗莎琳Rosalyn         0
812   511613156  21908209          朵莉丝Doris         0
813   491474048  21752681      天音彼方Official         0
814   456368455  21641569               黑桃影         0
815     7688959   9565979         爱吃瓜子的薇一er         0
816   332704117  11588230      白上吹雪Official         0
817   336731767  13946381       夏色祭Official         0
818       98181   4418655       菫妃奈Official         0
819   373493702  14110147             兰若_Re         0
820     2350845  21349375            咩咩咩咩呀咩         0
821   375504219  14917277     湊-阿库娅Official         0