            uid   room_id              name guard_num
0     672342685  22625027           乃琳Queen     10559
1      18149131    704808    Overidea_China      1068
2     672353429  22632424            贝拉kira       820
3     672346917  22625025             向晚大魔王       813
4        198297    876396              冰糖IO       766
5     672328094  22637261           嘉然今天吃什么       761
6     351609538  22634198           珈乐Carol         2
0     480680646  21696950             阿萨Aza      5023
1     508963009  21919321       HiiroVTuber      2373
2    1383815813  23221095           吉诺儿kino      1408
3    1856528671  23256987            陆鳐LuLu      1304
4       1950658     41682               早稻叽      1170
5     473244363  22992234          蕾尔娜Leona      1105
6       2294686  23094995         晓曦Asahino      1087
7     480745939  21696953            罗伊_Roi      1071
8    1281805827  25734481   Fulgur-Official      1063
9     434334701  21452505         七海Nana7mi       924
10   1265680561  22603245              永雏塔菲       877
11    269415357   7688602            花花Haya       837
12   1437582453  22816111       東雪蓮Official       805
13   1601895109  25245573    shoto_official       778
14    401315430  22886883       星瞳_Official       749
15       477792     24393               雪狐桑       639
16    477332594  21652717         白神遥Haruka       629
17      7706705     80397          阿梓从小就很可爱       629
18       140378    958617              梦音茶糯       570
19   1795147802  25512501             柚恩不加糖       491
20    401480763  21402309     眞白花音_Official       486
21   1588646945  25206807            巴老师的小号       437
22     56748733  21756924           雪绘Yukie       413
23      3035105   3415150            奈姬niki       408
24   1669777785  25512443            露早GOGO       369
25    617459493  22384516                呜米       345
26       632960   1944820        切茜娅CheIsea       344
27      3821157  21692711         东爱璃Lovely       313
28       282994     47377           泠鸢yousa       311
29       745493   8792912                咩栗       292
30       249118    363889         shourei小N       277
31        45502  22650610         冥冥meichan       263
32   1778026586  25512465            米诺高分少女       249
33      5563350   4138602       小希小桃Channel       246
34    441381282  21547895      花丸晴琉Official       228
35   1775966996  24731541   Vox_EN_Official       224
36     14387072   6374209              小可学妹       222
37   1838190318  24643640             魔狼咪莉娅       193
38   1230039261  23905374           量子少年-慕宇       182
39      2299184   8725120      古守血遊official       182
40    489146840  22301377       奈奈莉娅Channel       180
41    692283831  22571958     美波七海-official       168
42    402417817  22047448       星宮汐Official       164
43      3046429    938957              祖娅纳惜       164
44    349991143  12235923     神楽Mea_NHOTBOT       156
45    406805563  21320551       乙女音Official       143
46    697091119  22676119  猫雷NyaRu_Official       104
47    434565011  21449083      物述有栖Official        99
48   1096223397  22853788    白雪艾莉娅_Official        74
49    504674421  23588360           零诺Reino        47
50      1473830   1485080       AIChannel官方        30
51    667526012  22622535     文静_千鸟Official         1
52   1370775553  22974318              -桃易-         1
53   2001283668  22642673    路星晨Morningstar         0
54      9034870    190577      星街彗星Official         0
0     690608690  23260932          恋诗夜Koxia       527
1     385281102  21749031         紗耶_sayako       457
2     477317922  21672023            弥希Miki       419
3    1802011210  22758221      夏川玥玥Official       415
4     441952268  22014628          五月织姬ctsu       372
5     399815233  21728563         烛灵儿Hikari       341
6     698029620  22696653           兰音Reine       334
7        780791   5561470            Mia米娅-       320
8      15641218    573893        帅比笙歌超可爱OvO       311
9    2094031249  22748536             火羽ひのめ       293
10     12497617   4788550             胡桃Usa       275
11    623441612  22347054      椎名菜羽Official       261
12    109834414  24492364              井上鸢御       253
13      3985676    947866            扶桑大红花丶       249
14    690608709  23550749             尤格Yog       240
15    690608704  23017349           桃星Tocci       237
16    698438232  22673512                扇宝       234
17      5005968    866400             米白zzz       234
18   1752208642  23293581         犬川面面Miami       227
19   1643484295  22900071           岱川Doris       222
20   1641367203  24745250           新生代持剑少年       218
21     51030552   1603600            星汐Seki       216
22    471460273  22195814           杜松子_Gin       214
23       510047  22333522         伊万_iiivan       212
24     43272050  21646457       穆小泠Official       212
25       512480     29183            YUKIri       212
26   1199634708  24742685             梅妻ume       211
27   1875094289  22754458      小铃久绘Official       207
28       518817   5169315                早凉       204
29   1958703906  22894962            靡烟miya       203
30      4176573    870691            Akie秋绘       200
31    292838396  12845193              鸢尾牙牙       200
32   1294678093  25166222          杜铂雷Dobre       196
33       899804    411318          红晓音Akane       194
34    602724685  22300771         雷岁_Raisai       193
35     17511965  14343955            咦我的头发呢       192
36    479633069  21677969          秋凛子Rinco       192
37    690608698  23260993           瑞娅_Rhea       188
38    631070414  22389206              折原露露       186
39   2049968320  23343237               夏卜卜       185
40    574317507  22210372         香取绮罗_kira       185
41     61639371  21484828     轴伊Joi_Channel       184
42    606293627  22625077         月兮Channel       184
43   1811071010  25512485            虞莫MOMO       183
44    591892279  22889484              希月萌奈       181
45       922573    251015          黑泽诺亚NOIR       179
46     11431931    675014          ninnikuu       179
47    477342747  21672022         星弥Hoshimi       176
48    353361863  21514463            七濑Unia       174
49   1133258171  24726627          洛瑞娅EIF93       173
50      8881297     55634        钉宫妮妮Ninico       171
51    666726799  22470216             悠亚Yua       170
52      1612112   1321846        夏诺雅_shanoa       170
53   1734978373  22696954         小柔Channel       167
54   1570624336  25524451     MerryOfficial       165
55    324897535  25497805       柯罗诺斯Chronus       164
56   1875044092  25512476             莞儿睡不醒       163
57      6415072     43241              虚拟小萨       159
58    505183397  24143549          桃宝Momoko       159
59   2072717192  23969425            万拓普TOP       159
60      1780645    540024    粉黛乱子Capillaris       159
61    324884920  22320946               江壹纯       158
62     36265198  23596840        沐晓空Channel       157
63   1394160176  23808442         纱音_Syanon       157
64    476725595  21775601            西魔幽Yuu       157
65   1501380958  22746343        艾露露Ailurus       156
66   1543083238  24160882          纱箬sariel       155
67   2123631024  22865391     辻蓝佳音瑠_channel       155
68      6853766   3032130          舒三妈Susam       154
69   1155425566  23805066           希侑Kiyuu       154
70       731556     92450             綾音Aya       153
71       620903    870004        泰蕾莎Channel       153
72   1219196749  23303212         唐九夏还想再躺一下       151
73   1359949418  23224539            小小约yoo       151
74      5659864   2064239               鹿野灸       151
75    393885664  22882574            诺可Noko       149
76     30507713    444084             小小小小玟       147
77      2128310    399854             夕兔_H2       147
78   1376650682  22857429        葡冷尔子gagako       145
79       607286    757349              i御十二       145
80      8353198   2662397             白灯不拖更       143
81   1220621189  22852903      东堂比乃Official       141
82   2126507529  23527503            蒂莉雅回家家       139
83      1598595   6869043                朗加       137
84    434662713  21448649  NoWorld_Official       137
85     14897804   7953876           宴宁ccccc       135
86    176135235  22880700       星野怜Official       133
87    613345189  22344968          蛙吹Keroro       133
88     14040282   2362676          光尘Takami       133
89    230487728   6615406           嚼着软糖想昵称       133
90       610390     14893     乌拉の帝国Official       132
91   2006452883  24778741         路希维德Wiede       131
92    283886865   9234980         说说Crystal       131
93       529249    282208             诺莺Nox       131
94    509050400  21879412            雷柏磷ボリン       131
95    180485916   5998426           是姬拉Kira       131
96     54191665   8643223       木糖纯Official       131
97     12939237    264788              有棵里里       130
98   1993395129  22967698        散華藍SankaAI       130
99    671538942  22571722           黎歌Neeko       130
100    35565205   4375036               茭白柒       129
101     2096422    200344               宝叽一       128
102  1096034982  24978909              兔眠可可       128
103   697737710  23369901          蝶蝶Hikari       127
104  1484169431  23805029          雾深Girimi       126
105  1657906522  23696756              花雨春绘       126
106      532791  23092710   薇拉Vera-Official       125
107  1087725318  24926753        白雪葵Channel       125
108    11253297    392523            多多poi丶       125
109  1041474702  22953950            病院坂Rei       124
110     1521415     81004       艾尔莎_Channel       124
111    17661166  21925332       鈴木玲子_Suzuki       124
112     1750561   8721033               蜜球兔       124
113   477306079  21672024         真绯瑠mahiru       124
114    81552504   3248270            原味奶介呀_       123
115    57871034  23246736               栀小朵       123
116  1757836012  23905403           量子少年-楚枫       123
117    39267739   4316215       铃音_Official       122
118   347784817  13827947           -阿予ayu_       121
119  1637486568  25622556              梦咲有绪       121
120  1069108539  23472646     小鸟游杏子Official       121
121  1802654492  23777594              七禾いえ       121
122   398655122  21713184               莫熙呐       121
123    13199099  21724277               植物椿       120
124  1386545245  23667609     犬卷日鞠-官方WACTOR       120
125     1802392   9395707            榛葉nami       119
126  1141334416  25155352      齐格鲁_Official       119
127  1768094747  24153954               安纪亚       119
128  1584039005  24954295              星见汐娅       119
129   329323412  25442739             月荧una       118
130   225347042   9162799       九重紫Official       118
131    16510117    623698             机智大灯灯       117
132  1923344666  24393990    佐保姬夕映-官方WACTOR       116
133  2082574877  24604089            幼栗突然出现       116
134   321650277  24833274          凤小七seven       116
135  1202416628  24255210            眠特Mint       116
136      186463    337374              綾奈奈奈       116
137     6699767    713435               未未昭       115
138    24957521   4726132            吃肉包的怂鼠       115
139   618107325  22334596            阳阳不想熬夜       114
140   545530293  22563900            饭团喵にゃん       114
141      163653    162180   尼奈nine_Official       113
142   480432362  21685677               鈴宮鈴       112
143    12622108   6653352            不稳定发电机       111
144  1377212676  23945583       永恒娘Official       111
145   484660274  21706862       七咔拉CHikalar       111
146   372984197  14052636  夢乃栞Yumeno_Shiori       111
147     2878144    708397        鹤祁_Tsuruki       111
148   629814419  23998995            哒叽luna       110
149   257463461  11559434              小猫蛋卷       110
150  1673137696  24731561  Luca_EN_Official       110
151  1265605287  25061813         麻尤米mayumi       110
152     8558528   8726118           清濑冰ices       110
153  1296133469  23332935          路菲比Febee       110
154  1827016353  25357579           幽刹Yocha       109
155  1005457213  25172501        辉瞳_Channel       109
156  1710146343  24701720         玲儿ZeroTwo       109
157    11771366   1114551           莉夏Lecia       109
158   593793031  23854724           泉鹅Izumi       108
159  1927037753  23261911            纱鱼sayu       108
160  1816182565  22898905        珞璃Official       108
161   602200741  22288644           瓦妮Vanee       108
162  2052064438  22824550            罗菈Rola       108
163     2341174    918717                池年       108
164    17992194   5573692            芝士饿晕了耶       107
165  1243266187  22742508    林莉奈RinaHayashi       107
166  1846208014  22864117        盖乃希亞Galaxy       107
167     1401928    924973               火西肆       107
168   423902976  21603945         Minicatty       107
169  2126709029  25180280      結城梓_official       106
170    23155481   5461024              一点荧惑       106
171    24003005   1246242            水水超水嗷呜       106
172   434401868  21457197              中单光一       106
173    13838369   1760427            早月Moon       105
174   692437895  22637920        桃井最中Monaka       105
175    13089665   1223832             橙子miu       105
176  1703797642  22966160       李豆沙_Channel       105
177   589799673  22671467           艾妮娅Enia       105
178    96264399  23129160        和水_nouille       105
179   473513205  21611039          夏可可_Kero       105
180   410636303  21418775           飞鸟穹Sora       104
181  1124440113  25604590              明夏珊海       104
182    18075705   2757197               夜然z       104
183  1355412269  23075997           随一Suiii       104
184     1363457   1487005           米团团Miho       104
185    20966016  23722192        绫濑Official       104
186   410689349  22054199              仙女安_       104
187   364728311  13802532     星蚀_Finsternis       103
188   503801557  23778409     猫姬琥珀_official       103
189      545511     10360             速冻猫犊子       103
190    17794913   1033927             猫辞猫辞猫       103
191    12450452  22262300              人间蜜药       103
192   396466366  22010395            五十铃0-0       102
193    11009752    992724        Tarina-糖妮娅       102
194   435243735  23222837            礼墨Sumi       102
195  1099227208  25347962             卡氧吃不饱       102
196     1583472     24125           鲸落落raku       102
197   702411002  23351434               怦怦梨       102
198   598716541  22712271           春小花sama       102
199  1683039418  25171149      犬伏理香-channel       101
200   474001777  25174964              紫苑爱祢       101
201   193004510  24501700               沐东一       101
202  1492229330  25204574      早雾圣奈_Channel       101
203     5986897   6204892           绫月汐Shio       101
204  1372936974  24441860   可妮Koni_Official       101
205      234782    544625            祈Inory       101
206   176528442  23086860              三宝iu       101
207  1112031857  22924075           薇Steria       101
208  1652030487  25068178   司月蜃SinnLordlune       100
209   546192461  25235084           Rinko琳可       100
210     9006357    276936           愚不可及的马鹿       100
211   529341976  24334012            奶芙wuhu       100
212   121487111   4585823               东野凹       100
213   551527845  22810269            迷柚_mio       100
214   690804827  22545602        花满Official       100
215   390647282  21465419     浅野天琪_TANCHJIM        99
216   455899334  22163937               秋蒂Q        99
217      659401     19064                荀异        99
218     1433840    847674      vivian198808        98
219  1116286149  25089255      海童亚奈子_propro        98
220     2093232    994304              轻叹ww        98
221  1557142458  25178538          弥海星砂misa        97
222   220293909  24939060               千春葵        97
223   516678537  23300805             C叔小酒馆        97
224   380829248  14327465          花园Serena        96
225  1011797664  24697117          卡缇娅也不知道鸭        95
226        7966    597450              花园花玲        95
227   194326389   6203304              兮子cc        95
228   699327470  22578273             蜜汁粥粥_        94
229     2100679     56237            还有醒着的么        94
230  1947412463  25363316          雪茨yukiji        93
231    13630808    362064               顾疚疚        93
232  2007781080  22989215      天曰小雏Official        93
233   686241472  22520319               团小哈        93
234      433307    818240            洛佩sama        93
235  1040909140  25178731      成海晴爱_Channel        92
236  1660392980  23771189             恬豆发芽了        91
237      210628      5229          MKiiiiii        91
238   282875499  22387734                衣娅        91
239   421267475  21403601            艾因Eine        91
240      749499    915110          神咲乃希NOKi        90
241       52522    850221               露蒂丝        90
242  2093872604  22976643           五条软yuki        90
243   313248263  10413051       宇佐紀ノノ_usagi        90
244   402283366  22497143         大冤种鱼丸学姐ya        88
245      720964   1521498           你的可樱已上线        88
246     8760033  14846654              小司无常        88
247  1695304985  23675738              白卷玲奈        87
248  1683159082  24105617       五月病official        87
249   703068520  23296355          想不长肉的喵小泽        87
250  1734677911  23245990             酒菜禾子呀        87
251   690608706  22605469      田野柴Tanoshiba        87
252  1200516867  24042664            娅弥Yami        84
253    35231887    469803              星海玲奈        84
254    94363275  21710273        日向葵Channel        84
255    13908542  22251977       柊真华Official        84
256      317000     10545          adogsama        84
257     1595005    450956            录音姬阿童木        83
258   573930836  22566228      咲间妮娜Official        83
259     5374546     57018                望神        83
260   498188835  25367871            汐尔Sier        82
261  1630494154  24715515            蔓Aoede        82
262  2139886807  24808180      雨音月奈_NHOTBOT        81
263  2140412037  24485048               晨悠光        81
264  1942864208  24827493          卡萝尔Akuma        81
265  1282271864  23459804            自由魂儿儿儿        81
266   690608714  23805078          狩砂Karisa        81
267     8041302    725364             污喵污喵哒        81
268   410124536  21368856             阿黛不太呆        81
269  2059201075  25159955     Kiko_Official        80
270  1819548520  24906576            桃酥Momo        80
271     4447907   4076610           不想睡觉的洗洗        80
272    36576761   6129586       诗小雅Official        80
273   558070433  22389319        千春_Chiharu        80
274   698168210  23094410       画外灯official        79
275     1467772    544820              封茗囧菌        79
276  1216158888  23784861            果奈suki        78
277  2115139772  22877717        莉莉幽ririyuu        78
278   690608694  22605466             伊深Imi        77
279   160450916   5293697          小风铃是只咕咕狐        77
280     9923775    925758               柯暮卿        76
281      425286    292397      巫贼_ikataruto        76
282   480248442  22381346           北柚香Yuka        75
283     8171802    753667       风吟蝶_Channel        75
284     3526739   1921106              绯叶明依        75
285   690608712  23550793             友夏Uka        74
286    15076745    364027              彩虹酱哇        74
287   325907302  22404898            冬日不要酱子        74
288    27231887   1496588             轩喵与砂奈        73
289    23100916  23148857      貔貅诺诺nono_nya        73
290    39952788   7619799        羽蝶酥酥今天被吃了嘛        73
291  1697848019  23490978           赤五教教主亮亮        73
292   664047468  22772718            莉姆丝OvO        73
293  1273319763  23095176                璎绯        73
294   316381099  15152878             鹿乃ちゃん        73
295    32410214    901625              子凌弈秋        72
296   697652272  22569046                早穗        72
297  2064099563  24762598           茂Sigeru        71
298    12862137  21359166        鹤羽Official        71
299     1743015     40195           星越Koshi        71
300     3149619   3822389   有栖Mana_Official        71
301  1674274422  23098405            小语若mua        70
302   370200323  22709591             嗨嗨多吃点        70
303   690608686  22605463            茉里Mari        70
304   437786939  21473201             keii萤        69
305   272705818  24399819           仓仓爱吃牛肉干        69
306  1809810330  24188245             摩亞Moi        69
307     3614240  21700355               御司司        69
308   416622817  21413565         步玎Pudding        69
309     3774410   1960179         樱饼饼Sakura        68
310   400421892  22839866         惠惠_Megumi        68
311    47791562  22861834            赫拉Kris        68
312    67246581  21711976        凉米饭Channel        68
313   482911295  21712635   绮良kira_Official        68
314     1524009    177152             砂纸大魔王        67
315    37756047   1352574       申岚_Official        67
316  1343252680  23582081           竹已Take_        67
317  1518296186  23501664          莉奥拉Liala        67
318  1048861669  22700047         人形冬萌_Tomo        67
319  1512788587  23388273           诺娅Sukie        67
320    25032753   5312656             果汁erR        67
321     7482932    197082               倾瓷v        67
322    41461068   9618253       艾诺斯Official        66
323   180035670   5298167            皮卡少个丘w        66
324       29080  12576972           无前Namae        66
325   397244810  22661866             偷偷Toi        66
326   474593909  21622680           花玲Karin        66
327   690608691  22605464          千幽Chiyuu        66
328   582225536  22286296             麦芽不甜_        65
329  1926156228  22608112         希亚娜Ciyana        65
330   661461705  22487947      莉莉安_Official        64
331  1553780731  23965951          许亦真_REAL        64
332     5816642    790566        星谷樹_itsuki        64
333  2119815078  23626594          安蒂维娜-克莱因        64
334       47441     54897  Ruriko琉璃子Channel        64
335   128912828   4767523             沙月ちゃん        64
336   525105971  22067425       紫海由爱Channel        63
337  1544125954  24731569    Mysta_Official        63
338    16907771  23158413           雪虎Black        63
339   576858552  22323445           毬亚Maria        63
340   558070436  22389323          清良Kiyora        63
341   470085432  23128657       派萝喵Official        62
342   569192826  23084015       沙口酱official        62
343  1308967115  23029299              鱼一YY        62
344    11655582    924325                鵊鸣        61
345   527004636  23138650        叶月_Hatsuki        61
346  1288036991  24411398           小惹Azure        61
347      398431  24173090        塔蒂娜Tattina        61
348   377042295  21594123              挽歌歌_        61
349   674839637  22537284                黎耶        61
350   303246676  10049827             栖苑太困辽        61
351  1705007318  22920508    星ノ宮春鈴_Official        61
352      839059    739818           妮特_Nito        61
353    65568410   2516117        管珩心-中间的字念哼        61
354  1795716989  24967779          阿鹤-Crane        60
355   599254182  23246975            冰淇柠QAQ        60
356   395865658  22454728             茅山张懋衍        60
357     1278545    175965        格蕾缇娅Gretia        60
358      640283    806683             花洛栗栗子        60
359  1939568047  25100511              沧海月萌        59
360  1315870194  23106228           芙拉_Fula        59
361     4098782  22032167        星野綾乃Ayanya        59
362   472848826  22404256           纱世_sayo        59
363      649833     45940             茜茜甜兮兮        58
364  1878154667  23771139          沐霂是MUMU呀        58
365   193558681   5391723              激辣味噌        58
366   690608702  22778627       九十九_Tsukumo        58
367   567234492  22321043         玛安娜Myanna        57
368    21693393    370468            幽灵车尔尼桑        57
369   181998984  10956073              果糖含量        57
370      741520     33942        茶冷_Channel        57
371   441382432  21547904      小东人魚Official        57
372   397758529  25356160               桜都子        56
373   429964467  23114598          卡连Kallen        56
374  1436519963  23509728              是喵宝呀        56
375  1132553462  24471858               烛宝哒        56
376    74617154   2996680          倪奈奈变欧亿点点        56
377    27554691   8816397        熊崽_BearRRR        56
378  2132566155  23138488         帕米尔Pamirs        56
379    36081646   1546736               洛天依        56
380   388092833  23535840               酥酒呀        55
381     5482095     57437                碳鸽        55
382      128552    283870   JimDez_Official        55
383  1095803401  23710136         小春_Koharu        55
384  1030723991  22927644          瞳瞳要好好学炉石        55
385      249243   8688111    小豆沢あずきofficial        55
386   666726801  22470208            勺Shaun        55
387  1570795034  24564657              咩也爷_        54
388     3328498   2416317             祁宝困兮兮        54
389      334299     34587                零太        54
390      477007   3649650         Sawako碎花子        54
391  1025491703  23941099     塞拉菲娜_Serafina        53
392  1802937912  24846830       Valentina蒂娜        53
393    11399495   4910271               鸽一品        53
394    16217876   7768761          白夜小鸠Hato        53
395  1164975438  22809132            幽乜Yume        53
396    14350494   4215185       犬山奈奈Channel        53
397  1263271233  22993378            铃伊_Rei        53
398  1070733875  23238218      怠惰V_official        53
399  1899153123  22787192       芒崎小吉Channel        53
400   392505232  21224291    安堂いなり_official        53
401      117906     11306        阿伊蕾特Ayelet        52
402     9264492    681838     杰池莉尔-Succubus        52
403   286113280  21742155              望月希咏        52
404   690608689  23260856          夜宫Yomiya        52
405  1422451239  22715167       布丁酱Official        52
406      846180   3012597          喵田弥夜Miya        52
407   484451346  21706254         绚辻眠兔Minto        51
408   494850406  21990617      白银莉莉Official        51
409     9361427    905813               清則子        51
410    58485079   2098875              温之九丶        51
411      744713   2611014       雨宫水希Channel        51
412  1658766768  22821718               午哞哞        50
413    26541399    360169          鹿子kanoco        50
414     2239559  10877511  Mira恶魔米拉official        49
415     1516482     42270         白桃Shirako        49
416      264161    837039        ❀Sakulaˇ小舞        49
417  1552488849  23773194            幼恩ovo_        48
418      795926  24022621   铭音MeIoN_2022稿期满        48
419   323905978  23417026       忧特若丝_Uterus        48
420   499276043  23046619        沙利叶_Suriel        48
421   688492564  22529153            婕婕才是姐姐        48
422   255928137  10124752               川岛智        48
423   623441609  22347045      凤玲天天Official        48
424      597701   1375798         压刹channel        47
425  1880355910  23520070              秋月盈儿        47
426     7723009  21356899          这碗鱼Katie        47
427  1340967709  23149132        花云凛_propro        47
428    38271760  22682795        淩钰Official        46
429    12945093    497517              冬雪沫沫        46
430  1968342232  24538373            曲奇Aria        45
431     3301695    872551             电鸟个灯泡        45
432  1382719257  23517719    咸蛋黄饭团-official        45
433  2100944625  22700040       露珀塔_Ruperta        45
434     3032688   6760154             -Yu酱-        45
435   487550002  21811136     猫芒ベル_Official        45
436   488836173  25411285       yoyo鹿鸣_Lumi        44
437  1152597935  22720043             星宫魔琉瑠        44
438     1926687   1517135       猫川多多道-taku道        44
439    14405936    331747          必不可能鸽的青璃        44
440    96975902  23680570           是悠姬Yuki        44
441     4071581   1050301           小毛拔了个火罐        44
442   514600263  24483629             桃雾mio        43
443  1723206278  23985703         希洛伊Shiroi        43
444      826393     97687               叶洛洛        43
445     2048677   1868279            米见Mita        43
446       91352   2853663      心羽萝妮Official        42
447    19986917  24343457              与枝老师        42
448   591843065  23587027         天海今天又懈怠了呢        42
449  1323227037  23252619         山椒阿露波Arpa        42
450     2240157   3471186               姬野青        42
451     6716902   2371727          吉鲤yuriri        42
452   358085156  14848063          魔法少年电池er        41
453  2042629175  24963677    范塞尼尔_VamSenior        41
454    23263470    972474               法里达        41
455     1344144     97558       免免_Official        41
456   157330863  22041958      神奈希_Official        41
457    16059520    452450     五彩呆鸟咩Official        41
458    49142760  22815234        咪诺今天也要元气满满        41
459    17907167  22843050          狸哩今天也是废狐        40
460   341688520  23442130              弥音千绪        40
461    43187576   1363311            _かがみ_镜        40
462     7591465    873642            里奈Rina        40
463   442902274  21573665      紫桃爱音Official        40
464   385331112  21402308          辉月Atsuki        40
465      168210   7478830          沧棂Soleil        40
466  1863644136  23240551            弦羽Hane        39
467     2650919   3525213           凛-阿格里亚斯        39
468  1156637837  23085720             雪绘莉莉奈        39
469   267439469  22208948          柠檬今天练歌了吗        39
470     9736638   2206397              星野琳奈        39
471    15998299   6529293                菜藏        39
472      147688     35350              lvlv        39
473   690608687  22778596            蕾米Remi        39
474   438848253  21545805            盲盲Memo        39
475  1834090921  24849407          哟蔻桃桃YOCO        38
476  1181247064  23615209           森川雪yuki        38
477      744031  14009974        蝶蝶狐_Chouko        38
478   387108043  15142311            莉姬LIJI        38
479     1602085    171195              Yuu喵        38
480    43466186  21742849               峥峥っ        38
481   515053790  22110436           椋笙栗Kuri        37
482  1451797925  25148241               尹青依        37
483  1810786106  24063763              千岛尤樱        37
484  1115540220  22973442          夏莉Sherry        37
485    13158687   4339349           超绝卫星轨道炮        37
486     6000336    550335       AirSAMAdesu        37
487    11300631   1313362          阿嗔Aurora        37
488   336442974  22845802           夜原没有小尾巴        36
489      278296   8641515               橘绘理        36
490     2523666  21110343             艾晓萌萌萌        36
491  1489377760  23017641          竹月芽Meiya        36
492      890735   2698402             Atom玲        36
493  1701192807  23900853               音离宝        35
494    45336140   4346806              星野绵奈        35
495   410741448  21399689      Milky_Vtuber        35
496   474593911  21622688           _慕斯Muse        35
497  1472906636  22727121            ywwuyi        35
498   412630000  21348897            亮_Sama        35
499    20875904   4315783         无家可归的流浪鲲鲲        34
500   650663945  22550560     诺拉Nora_Heitis        34
501  1042854135  23594422  ShizukouOfficial        34
502   323774877  21732370           星陵Betty        34
503     4911722  22074371     黑桐亚里亚Official        34
504    12120515   2425420   尼奥喵Neil_Channel        34
505     3188835   1766019             三千院可奈        33
506     8156542  23058813          芙蕾_Furei        33
507    26087398   1016818     猫屋敷梨梨Official        33
508     4242014   9170973          满天星Hoshi        32
509  1535525542  23905421           量子少年-泽一        32
510   359081808  13990730            季毅Jiyi        32
511   135980509  21701071            永远永远酱w        32
512    92610220  24319484              你群离岛        31
513    15225468  23389000      辛西娅_Cynthiaa        31
514    34237849  22802744               千代茨        31
515    34423885   6485126            耳可Milo        31
516   393457552  21785289              A梦酱吖        31
517    21374533   1221274         彼岸霜滢Eliro        31
518   434563934  21449068         叶Official        31
519   688275304  22621413            Zoe_舟一        30
520   436693674  22159299      早濑弥生Official        30
521  1688076885  22865861               ねこれ        29
522   663577831  22500194            幼薇喵nya        29
523      651649   3725076              特莉丝忒        29
524   476676325  21649962        米蕾優channel        29
525  1006140314  24921679     瀬兎一也_Official        28
526     1352646     74571        米哦Official        28
527   609132511  22330922             超级索尼马        28
528   472877684  21613356            惑姬Waku        28
529   399923919  23426285              姜南星_        27
530  1285890335  24088644        海德薇Hedvika        27
531  1055615738  23245332           莉莉洁想吃点心        27
532  2009235986  23093993         戌夜初Hajime        27
533     4861197    311280        雾雨威Channel        27
534     3570093   1589452              不举萌栗        27
535   604738184  23390101         雷米尔Remiel        26
536    29488539    147488             这里是馍君        26
537  1394476714  23113694        猫柠morning_        26
538   493885362  23195139          岚墨_Holic        26
539     5106924     76326        桓信Official        26
540  1209958561  22807430               褚斐易        26
541     6483727   3558274        小恶魔channel        26
542   571841213  22205953       三日暦Official        26
543   628061724  22371829      神月萤_Official        25
544      835644    735709        卡农_Channel        25
545   431473020  21426806     初焰Hatsuhomura        25
546     2654466     64566          猫幼cattyo        25
547   517060084  21970333       一颗芽Official        24
548  1121411561  22935036                万灼        24
549      492862    566227      阳向心美Official        24
550   180247922   6116476         无趣Kirisaa        24
551  1848290057  23404362            灯瑠hiru        23
552    11137181   4109869        伊莎蓓尔Isabel        23
553      863287   5224688        天雨Rainfall        23
554    75094637  23562312              尾巴困困        23
555  1094889067  23136093                雪理        23
556   382819280  21643791        希希年今天喝奶茶了吗        23
557    22765153     70808              那神银酱        23
558   488970166  22030718            花谱_kaf        23
559   513273343  21920570           龙西Rinya        23
560     1869304   6632844      孙有劲Sunyeojin        23
561     3063155   1259929            饭咩Meya        23
562   529107543  23099155               fa漠        22
563     8491226     24567         茉莉奶芙Molly        22
564   556027338  22757605        Yumi和烟璃の日常        22
565  1677271465  23319833            尤酱睡饱饱w        22
566   472845978  21613353            有加plus        21
567       88687    449396              w丘丘w        21
568  1803585918  23251345             千零莉露卡        21
569    12070947    944614            见风kaze        21
570  1242456361  23069606      长月春雪_Channel        21
571   272983835   8043184          魔法少女喵月月酱        21
572    97340936   4012961       S1娘Official        21
573      394936   8725320  盐天使riel_official        21
574     4718716   2303412               鱼鸽鸽        21
575  1004127267  23648738            芙蕾娅フレア        20
576  1619195693  23942394              阿今今w        20
577   666726803  22470189      伊莎贝拉Official        20
578   525978277  22078423               千亿呀        20
579   526071118  22233836           魔法少女真理酱        19
580    11187227  12320762         铃月澪Azlier        19
581      408696   5631165            浥昕sora        19
582  2111566071  22874107            小禾mohu        19
583   324607600  11771685           翎洛Likeu        19
584   652298653  23234552       餡蜜椿official        18
585   666726802  22470204            瑞芙Reve        18
586  1914655751  24467094         爱宝Channel        18
587   374017536  14239687          女巫Vivian        18
588   233299554  23025519         麦乐桃_Molly        18
589   650573749  22506899          尤利娅Yulia        18
590     1769578   1539872           俊俊子会rap        17
591   441315555  22582590          神代祐希Yuki        17
592    11181582    100963              -流仙-        17
593  1780983970  23013064   Saku悠娜-official        17
594   273245608   8857387        苏宇能有什么坏心思呢        17
595   120279132  22598262      猫ゐ咲夜official        17
596   517746113  22055164           御剣莉亚-官方        17
597     8247516  24093696              花田田甜        16
598  1405589619  23805059           希维Sybil        16
599  1687861308  22695385              晓曦超甜        16
600   491147165  23144336              墨姬ww        16
601  1813355484  22830111              水月泉汐        16
602      487902   7595278           召唤师yami        16
603      373263    709219         旺财Inukami        16
604    81534454  24003630              曲莓团子        15
605   346381116  12624443              樱庭香草        15
606   340345723  23806497             阿雾睡不醒        15
607    26398020   7544221       异株湖Official        15
608      314993     58593    橘柠院Jny_砂糖橘Soda        15
609  1468007004  23362558              望月理莎        14
610  1865791469  23625060         橙歌歌睡不醒OvO        14
611     4763529     40529        幽灵事务所_XPEC        14
612  1089059487  23089686      星奈铃-官方WACTOR        14
613    24626465   6519380        月见果Channel        14
614      515455    602744             奴良睡不醒        14
615   414827620  22257854                团奈        13
616   479193165  23683349         卡露比Karu8y        13
617  1494451119  23065710               小馋狮        13
618   386900246  21304638      神楽七奈Official        13
619  1468306600  23556311      皇白璐-官方WACTOR        12
620   442426299  21799389      琴吹夢_official        12
621     2954058   7791548              阳口沙织        12
622   430219038  21660284       希贝尔Official        12
623     3303103    519052             机动型青空        12
624  1731037094  23113220         月野木罗_kira        11
625  1968783589  22926711          茉吱Mojuko        11
626    36996701   2447665            桂花酒酿元宵        11
627   420249427  21403609            琉绮Ruki        11
628   107609241   6461515       VUP保护协会-青叶の        10
629    19366645    473323              悅音幻絲        10
630   286914392  23193752                秋淩        10
631    62411789   3994724  KKKelly_Official        10
632    44903085  14197798           安晴Ankii        10
633  2022640280  22882513             疯子又饿了        10
634   381439252  23031625            兰笛Saku        10
635  1411553322  24469153            侑萝Yoro         9
636  1533406766  24448785           请关注明夏珊海         9
637    77817759  24334336       特蕾莎Theresa_         9
638  1278321533  23786670            椰乃不是椰奶         9
639   522045311  22029628        柯柯Official         9
640    85297446   3331468            星奈viky         9
641    13821638  23139505           舒听酒要努力呢         9
642   628292881  22389314         卡欧斯_Chaos         9
643     1576121   4895312          帕里_Paryi         9
644  2059039611  23375836        梨茉在数羊_momo         8
645       90873      5424              内德维德         8
646    37502021   4536168             奇奇Qi7         8
647   389052735  22443116             鹿鹿西米鹿         8
648   686665614  22845214           羽宙Uchuu         8
649   456749835  22782192      阳夏诺诺Official         8
650  1322881625  22705839             巫沐Umo         8
651      199915    435048             空风Kuu         8
652   689840611  22950737             蟹宝没有钳         7
653      542746    653547            丨Keepo         7
654    49563331  22860878              蚕弥哒哟         7
655  1353739557  22718711        长绾raffaele         7
656     3084780    529718          空伶cherry         7
657     1850809    298094            墨白siro         6
658  1613609207  23931597     神本樱奈_Official         6
659   228167069  23023985             林黛玉ww         6
660  2112973233  23075120          约修亚Yocia         6
661    10030059   3858888              伊月猫凛         6
662    21682845   6171178           犽犽是个小憨憨         6
663   421347849  21415012    白百合リリィOfficial         6
664    14634764     37799               英短喵         6
665    29565751  13397917            是你清晨的粥         6
666   364225566  14578426         战斗吧歌姬官方账号         6
667  1357287708  24893910       胡锡子Official         5
668    22971353  22435542          zhima芝麻_         5
669   327549355  11568967       七紫喵official         5
670   104602477  23913870           OoKami君         5
671  1330766232  24137142               冰兔w         5
672  1081765694  23208247            花梨梨爱鹅笑         5
673    19462294   3777439               柠狐柃         5
674   125964693   5882130            小狼崽芬里尔         5
675     2141162   2885077  五十岚佳乃叶KNHChannel         5
676  2123801125  23105517          星谷呜冬Udon         5
677      451793   6580433             一块薯饼呐         5
678   541696090  22340341           早见咲Saki         5
679     1480838    759938    EricaZehnt_埃莉卡         5
680  1269309692  24169782            涅梨Neri         4
681   651402196  23769635            今朝尘尽光生         4
682  1679938687  24122168               段段嗷         4
683  1620923329  22622469      琳_千鸟Official         4
684   237256572   7511203             折扇想睡觉         4
685  1658229747  22760722            柚叽Uchi         4
686  1825301994  23118493       漪月灵-Aether-         4
687    49653129   1522963       stage1st宅社区         4
688  1108865507  23071105             歌手艾七月         4
689    47868246   2241806            戈洛Glow         4
690   393595532  21157374         转生成骸骸子这档事         4
691         693  22348429             赫卡Tia         4
692   558984017  22414924            自己的高仿号         4
693   490331391  21763344           沙夜_Saya         4
694   358695457  13576775       小虾鱼Official         4
695     4506529   5179685          Maru不是马茹         3
696   523133310  22663131       雅丽斯_Channel         3
697  1315573139  24087754         罗兹Blazing         3
698       37328    180696         卡欧莉_KaOri         3
699    27651919  23948328           栢岚Cx330         3
700  1434286779  23715321       二朵Akirakira         3
701   670473494  22478114             慕橙mmm         3
702      165375  23146138         阿凌-接2D转3D         3
703        1398    562257      灵源道长Official         3
704     3076830   1559211             账号已注销         3
705   473764233  21627536      田汐汐_Official         3
706      269558    544624           pipi-萍萍         3
707   524279657  22197280            猫小鹰Owl         3
708   337827661  11575621        陆婉莹GodRiku         3
709      820535    718548          默磷Mayori         3
710      517601   1156041             账号已注销         3
711     7961896   9591764            荔枝呀qwq         3
712     4191585     18574              刹那仮想         2
713  1224180222  23852833           喵喵是只流浪喵         2
714  2103954767  22846258          阿莳Komaki         2
715  1723100461  24044804      琥珀玲_Official         2
716  2097219437  23733603           灵灵乃reno         2
717   410602048  21434004        邱责责chuseki         2
718   686960404  22587407         园子_Sonoko         2
719  1821760400  22905754            阿珉amin         2
720      383599     15949            高町丶薇维欧         2
721  1090010845  22622290    艾瑞思_千鸟Official         2
722    96230774  22564918              宅喵阿桃         2
723    66692456  22915135         诺莉尔Nolier         2
724    33419912   3597056              慕倾城鸾         2
725    21025175  22895029             芝麻狐狐-         2
726  1147353799  23043489              神木潼潼         2
727   495707763  22934515        只只Official         2
728   646432928  22918711            路理Kuri         2
729   471226936  22039777               滑稽猿         2
730   474856218  21981503            奈璐Naru         2
731  1617739681  22791567            立花遥はるか         2
732   431311100  21417013          月见_tsuki         2
733    12823143    290127    瑠璃川こはくofficial         2
734     1974326  22668828         Moririnnx         2
735   124025181  22386431       水龙敬Official         2
736     8119834  12770821              千草はな         2
737     9074616   3448101                元・         2
738   455916618  21571739            无理MURI         2
739     1740548     26283        小伞一把Kokasa         2
740     3022597   3668504             露馅eer         1
741   276436402  22685598               奕光_         1
742  1332334128  23800880             飞絮小仙女         1
743  1891728206  22623163   Coco_千鸟Official         1
744     5860011    992582        九尾的夜猫-Neko         1
745  2108532315  23509601       林野星Official         1
746     1523623   3668335           紅やAkaya         1
747  1943950465  23609888     MONA-official         1
748   480723986  22840221             苏苏酱鸭l         1
749  1462858376  23108224        如壹的全宇宙唯一小号         1
750  1824597784  23212019      米露提亚Official         1
751  1010093017  23173129         马太Mastest         1
752  2036015357  22776501        利泽特Lizette         1
753   628835970  23152492           钥笙星prpr         1
754    21258448  11669208              西汐xi         1
755   489772340  21772091           阿尼_Arni         1
756    95334691   3821208              是沐釉哦         1
757   342566986  22918406       云螭月_Channel         1
758  1472782154  23080567            瑠瑠帆るるほ         1
759  1589117610  23001181          朝海沫霓Moni         1
760   429982753  22323231            四季折の羽_         1
761   636674318  22908657    虚研社经纪人Official         1
762  2143967328  22768399         纪代因果_Inga         1
763   496600848  22602225           甜梦少女卡莉酱         1
764     8363141  22242682             账号已注销         1
765   476903292  21666922     佐久間ねむOfficial         1
766      828468    727143          烛子_ikina         1
767   595407557  22359795         菜菜子Nanako         1
768   427061218  21618129          夜霧Yogiri         1
769     6055289    947447       高槻律official         1
770   451066708  21602686       新科动漫Channel         1
771     4450868   1413570              八宝酱阿         1
772    32589074   4872086            二次元陆君_         0
773   216905835  22906028          CSGO兜Dou         0
774   492762252  23903294               大船记         0
775     2308730   3570974       xxxXx_X_XX_         0
776  1899937919  23429625                嫣珑         0
777    94923804   9195983                恺゛         0
778  1996270842  23551913              炽琳11         0
779    11951064   1138328             被遗忘者1         0
780   416614876  23365188     米尔帕斯_official         0
781  1847726295  23376684          尾绒Aurora         0
782   486997652  22692115              水卜泡泡         0
783   479768577  23084763             苗苗Mio         0
784    14382057  21513354            爱德华EDS         0
785   334537711  13747625     艾白_千鸟Official         0
786  2014624029  23363777            残暴樱桃小熊         0
787  1865862406  23250283          恋野萌萌momo         0
788   252597833  13854915           夏日限定菠萝猫         0
789   697964606  23107894            爱吃的萤火酱         0
790     2108977     47325               葱白君         0
791  2099635516  23229192          白床Perori         0
792  1552531961  23236287             黒霧にいろ         0
793       44469    744732    柩Kyuu_Official         0
794   550899722  23146219             鱼遥Yao         0
795   367295017  23320407             账号已注销         0
796   299211960  13381293         异世界的暮卡er_         0
797  1585320184  23319825             账号已注销         0
798   698094102  22573826            我不好说了捏         0
799     2139677  15161590            转生中-南川         0
800     5471378    481086            可以哦___         0
801  1401208510  23008996             豆子Ayo         0
802   104980443  23096939         瞳official         0
803   498456064  22178825            阿月不是咕咕         0
804  1928217508  22943224            代号-202         0
805  1606577455  23190727      妙善公主Official         0
806  1583690517  23148607            纪律部南波兔         0
807  1994541396  23095291    库拉里罗滋-官方WACTOR         0
808  1237746158  23104974               小夜铃         0
809  1451827196  23133856             账号已注销         0
810     8063267   5291090           米米米M米花糖         0
811     1590297     17368               缱落铃         0
812    95286968   3923040          阿贞zzdrws         0
813  1315935808  23124800        绿绿official         0
814   304538761  14370788   世界猫Nia_Official         0
815  1801375919  23104752             账号已注销         0
816   437073522  23064003          歌奈pigeon         0
817  1820277537  23101371             纱柚sau         0
818   436823223  23045312       茨少凌_Channel         0
819  1043321643  23084794       STOP0000011         0
820   332093364  22860013        汐音_Shione_         0
821    83340815  14754466            极北的狸喵酱         0
822     7801382    291509               啊朔丶         0
823  1434788295  23012235       STOP0000012         0
824    39796923   5261059           程Rizwan         0
825  1910896691  23057716             账号已注销         0
826   688898768  22531409             账号已注销         0
827   375370414  22213220           蜜汁de自信i         0
828   646658134  22888048         或许爆爆就是金克斯         0
829  1661076923  22821806         私Official         0
830   690608701  22778617          犬童Kendou         0
831     1359996    664481       南宫灯official         0
832   647575049  22553538     月见里朔良Official         0
833     6268594   3695068           腊味双拼鹿仔煲         0
834    11850816   1437304        VECTOR_维克特         0
835    32365653   2659281            慕瑶的花花哇         0
836   486618657  21720301      月兔华-WACTOR官方         0
837   247652554   9934974          准时不早退的小鸢         0
838   483419193  21776474      新月岚_Official         0
839  1103073471  22671791          小豆沢Azuki         0
840  1599316734  22667136         Nokooooo_         0
841    34019939   3820990           卡琪酱Taki         0
842   474593912  21622694      超V学园_白祁Seven         0
843   642588972  22409418      佐仓旬夏Official         0
844   442655565  21503113       芙栗希娅Felicia         0
845   436596837  21463227       家长麦Official         0
846   652240042  22485731   闪光Pika_Official         0
847    94928549  22485622    贝伦修坦因_official         0
848   625255764  22439372           新账号在置顶里         0
849    73544914  10666184           橘栗_July         0
850   471308347  21664698        寿寿歌_suzuka         0
851   389858027  21130785      百鬼绫目Official         0
852   624252710  22349494      狮白牡丹Official         0
853   370687588  22111428            花留Karu         0
854     2154078    614957           真的不是那个酱         0
855   474593910  21622687        超V学园_林伊Eli         0
856   354411419  21618138          希薇娅Civia         0
857   479965355  22210240   萝卜蘸酱_机萪Official         0
858   434341786  21452118             账号已注销         0
859   511613155  21908196          阿媂娅Artia         0
860   511613157  21908222        罗莎琳Rosalyn         0
861   511613156  21908209          朵莉丝Doris         0
862   491474048  21752681      天音彼方Official         0
863   456368455  21641569               黑桃影         0
864     7688959   9565979         爱吃瓜子的薇一er         0
865   332704117  11588230      白上吹雪Official         0
866   336731767  13946381       夏色祭Official         0
867       98181   4418655       菫妃奈Official         0
868   373493702  14110147             兰若_Re         0
869      461809    962983            一只皮皮熊呀         0
870     2350845  21349375            咩咩咩咩呀咩         0
871   375504219  14917277     湊-阿库娅Official         0