            uid   room_id              name guard_num
0        198297    876396              冰糖IO     12311
1      18149131    704808    Overidea_China     10393
2     672353429  22632424            贝拉kira      6404
3     672346917  22625025             向晚大魔王      1305
4     672328094  22637261           嘉然今天吃什么       681
5     351609538  22634198           珈乐Carol         2
0     401315430  22886883       星瞳_Official      4290
1        477792     24393               雪狐桑      2483
2     434334701  21452505         七海Nana7mi      2243
3     480680646  21696950             阿萨Aza      1557
4    1588646945  25206807            巴老师的小号      1477
5    1795147802  25512501             柚恩不加糖      1388
6     402417817  22047448       星宮汐Official      1156
7        140378    958617              梦音茶糯      1015
8     692283831  22571958     美波七海-official       997
9    1601895109  25245573    shoto_official       965
10    508963009  21919321       HiiroVTuber       756
11    349991143  12235923     神楽Mea_NHOTBOT       735
12      3821157  21692711         东爱璃Lovely       708
13      7706705     80397          阿梓从小就很可爱       693
14   1265680561  22603245              永雏塔菲       673
15    672342685  22625027           乃琳Queen       642
16    269415357   7688602            花花Haya       608
17   1775966996  24731541   Vox_EN_Official       604
18    401480763  21402309     眞白花音_Official       580
19    489146840  22301377       奈奈莉娅Channel       479
20       632960   1944820        切茜娅CheIsea       466
21     56748733  21756924           雪绘Yukie       413
22       282994     47377           泠鸢yousa       360
23       249118    363889         shourei小N       350
24     14387072   6374209              小可学妹       343
25    617459493  22384516                呜米       341
26    387636363  21013446      雫るる_Official       336
27    358629230  13328782           Flora圆圆       332
28      3035105   3415150            奈姬niki       302
29      2299184   8725120      古守血遊official       286
30   1096223397  22853788    白雪艾莉娅_Official       284
31       745493   8792912                咩栗       278
32      1950658     41682               早稻叽       270
33    407106379  21396545     绯赤艾莉欧_NHOTBOT       257
34    473244363  22992234          蕾尔娜Leona       238
35    477332594  21652717         白神遥Haruka       230
36    697091119  22676119  猫雷NyaRu_Official       211
37   1838190318  24643640             魔狼咪莉娅       208
38      3046429    938957              祖娅纳惜       168
39    434565011  21449083      物述有栖Official       131
40    406805563  21320551       乙女音Official       116
41    441381282  21547895      花丸晴琉Official       110
42      5563350   4138602       小希小桃Channel       109
43   1900434152  23105590       恋乃夜舞_propro        88
44    504674421  23588360           零诺Reino        64
45      1473830   1485080       AIChannel官方        36
46   1370775553  22974318              -桃易-         2
47    667526012  22622535     文静_千鸟Official         1
48   2001283668  22642673    路星晨Morningstar         0
49      9034870    190577      星街彗星Official         0
0    1778026586  25512465            米诺高分少女       994
1    1669777785  25512443            露早GOGO       902
2    1673137696  24731561  Luca_EN_Official       787
3       4176573    870691            Akie秋绘       765
4     480745939  21696953            罗伊_Roi       731
5      51030552   1603600            星汐Seki       666
6    1437582453  22816111       東雪蓮Official       480
7     698029620  22696653           兰音Reine       466
8     574317507  22210372         香取绮罗_kira       446
9      36081646   1546736               洛天依       425
10     43272050  21646457       穆小泠Official       406
11      9066351  21737386            塔克Tako       351
12   2094031249  22748536             火羽ひのめ       336
13    479633069  21677969          秋凛子Rinco       333
14   1643484295  22900071           岱川Doris       332
15    488836173  25411285       yoyo鹿鸣_Lumi       331
16   1104048496  22642754             桃几OvO       287
17    690608698  23260993           瑞娅_Rhea       283
18    380829248  14327465          花园Serena       280
19     11431931    675014          ninnikuu       271
20    441952268  22014628          五月织姬ctsu       262
21   1802011210  22758221      夏川玥玥Official       258
22   1875044092  25512476             莞儿睡不醒       251
23   1958703906  22894962            靡烟miya       251
24      6783704    145277             酥幼妹妹わ       239
25       922573    251015          黑泽诺亚NOIR       238
26   1734978373  22696954         小柔Channel       238
27    690804827  22545602        花满Official       235
28       780791   5561470            Mia米娅-       230
29   1811071010  25512485            虞莫MOMO       229
30      3985676    947866            扶桑大红花丶       228
31    476725595  21775601            西魔幽Yuu       224
32    225347042   9162799       九重紫Official       221
33   1359949418  23224539            小小约yoo       219
34     54191665   8643223       木糖纯Official       217
35    613345189  22344968          蛙吹Keroro       215
36   1219196749  23303212         唐九夏还想再躺一下       213
37   1243266187  22742508    林莉奈RinaHayashi       213
38    698438232  22673512                扇宝       212
39    399815233  21728563         烛灵儿Hikari       211
40       510047  22333522         伊万_iiivan       211
41    421267475  21403601            艾因Eine       211
42      2100679     56237            还有醒着的么       201
43      6747203   3428783       绫濑光Official       198
44    623441612  22347054      椎名菜羽Official       197
45       163653    162180   尼奈nine_Official       189
46    631070414  22389206              折原露露       189
47    671538942  22571722           黎歌Neeko       187
48     39267739   4316215       铃音_Official       186
49       620903    870004        泰蕾莎Channel       185
50     11416708  23348061              九奈猹猹       184
51    591892279  22889484              希月萌奈       181
52   2072717192  23969425            万拓普TOP       180
53     13089665   1223832             橙子miu       176
54   1265605287  25061813         麻尤米mayumi       174
55   1376650682  22857429        葡冷尔子gagako       174
56        52522    850221               露蒂丝       172
57    107609241   6461515       VUP保护协会-青叶の       170
58   2006452883  24778741         路希维德Wiede       170
59       899804    411318          红晓音Akane       170
60     14897804   7953876           宴宁ccccc       169
61   1294678093  25166222          杜铂雷Dobre       167
62   1112031857  22924075           薇Steria       167
63   1501380958  22746343        艾露露Ailurus       166
64   1856528671  23256987            陆鳐LuLu       165
65   1202416628  24255210            眠特Mint       164
66   1296133469  23332935          路菲比Febee       162
67       518817   5169315                早凉       162
68     15641218    573893        帅比笙歌超可爱OvO       160
69   1657906522  23696756              花雨春绘       159
70      8881297     55634        钉宫妮妮Ninico       159
71    480248442  22381346           北柚香Yuka       158
72   1641367203  24745250           新生代持剑少年       157
73    121487111   4585823               东野凹       156
74   1950721001  24817507             天天Ame       155
75    393885664  22882574            诺可Noko       152
76   1383815813  23221095           吉诺儿kino       151
77     24957521   4726132            吃肉包的怂鼠       151
78    690608709  23550749             尤格Yog       150
79      9923775    925758               柯暮卿       148
80     11253297    392523            多多poi丶       148
81    505183397  24143549          桃宝Momoko       147
82    471460273  22195814           杜松子_Gin       147
83    385281102  21749031         紗耶_sayako       147
84   1461176910  23965761           量子少年-祥太       146
85    477317922  21672023            弥希Miki       146
86      4718291   1155608         花见汐梨Yuuri       145
87      1521415     81004       艾尔莎_Channel       145
88     17661166  21925332       鈴木玲子_Suzuki       145
89   1544125954  24731569    Mysta_Official       142
90    396316042  23199554   羽咲Rabi_Official       142
91    398655122  21713184               莫熙呐       142
92    321650277  24833274          凤小七seven       141
93   1484169431  23805029          雾深Girimi       140
94    703018634  22605289         莱妮娅_Rynia       140
95      5659864   2064239               鹿野灸       139
96      2341174    918717                池年       138
97     57871034  23246736               栀小朵       137
98     37502021   4536168             奇奇Qi7       135
99    283886865   9234980         说说Crystal       134
100      186463    337374              綾奈奈奈       134
101    30507713    444084             小小小小玟       132
102   480432362  21685677               鈴宮鈴       132
103  1768094747  24153954               安纪亚       131
104      741520     33942        茶冷_Channel       131
105  1277309396  23817749              亓玖玖丶       130
106    12939237    264788              有棵里里       130
107   545530293  22563900            饭团喵にゃん       130
108  1846208014  22864117        盖乃希亞Galaxy       129
109   484322035  21712406     AIChannel中国绊爱       128
110  1816182565  22898905        珞璃Official       128
111      659401     19064                荀异       127
112   593793031  23854724           泉鹅Izumi       126
113    35231887    469803              星海玲奈       125
114    16510117    623698             机智大灯灯       125
115  1584039005  24954295              星见汐娅       124
116   509050400  21879412            雷柏磷ボリン       124
117   690608693  22778610          勾檀Mayumi       124
118   529341976  24334012            奶芙wuhu       121
119   410689349  22054199              仙女安_       121
120    13199099  21724277               植物椿       120
121  1308967115  23029299              鱼一YY       120
122      610390     14893     乌拉の帝国Official       120
123   598716541  22712271           春小花sama       119
124    17794913   1033927             猫辞猫辞猫       119
125    28278764  23578004              织月黛黛       118
126  1553780731  23965951          许亦真_REAL       116
127   434662713  21448649  NoWorld_Official       115
128   434401868  21457197              中单光一       115
129  1355412269  23075997           随一Suiii       114
130     1780645    540024    粉黛乱子Capillaris       114
131     3188835   1766019             叁仟院可奈       112
132   576858552  22323445           毬亚Maria       112
133     1743015     40195           星越Koshi       112
134     6699767    713435               未未昭       111
135    34815578  23116807          りんうらん霖雨蘭       111
136  2007781080  22989215      天曰小雏Official       110
137   292838396  12845193              鸢尾牙牙       110
138  1774062024  24551917          娇阿_Josie       109
139   702411002  23351434               怦怦梨       109
140   503801557  23778409     猫姬琥珀_official       109
141   698168210  23094410       画外灯official       109
142  2126507529  23527503            蒂莉雅回家家       109
143   109564538  23631708       夜雨_Official       108
144     2093232    994304              轻叹ww       108
145  1927037753  23261911            纱鱼sayu       108
146  1512788587  23388273           诺娅Sukie       108
147   690608690  23260932          恋诗夜Koxia       108
148     1612112   1321846        夏诺雅_shanoa       108
149  1141334416  25155352      齐格鲁_Official       107
150     5986897   6204892           绫月汐Shio       107
151  1802654492  23777594              七禾いえ       107
152    47791562  22861834            赫拉Kris       107
153      846180   3012597          喵田弥夜Miya       107
154   282875499  22387734                衣娅       107
155     7482932    197082               倾瓷v       107
156  1011797664  24697117          卡缇娅也不知道鸭       106
157  2049968320  23343237               夏卜卜       106
158   176135235  22880700       星野怜Official       106
159     2878144    708397        鹤祁_Tsuruki       106
160   160450916   5293697          小风铃是只咕咕狐       106
161      607286    757349              i御十二       106
162   358085156  14848063          魔法少年电池er       105
163   690608714  23805078          狩砂Karisa       105
164  1394160176  23808442         纱音_Syanon       105
165  1734677911  23245990             酒菜禾子呀       105
166      731556     92450             綾音Aya       105
167   484660274  21706862       七咔拉CHikalar       105
168   437786939  21473201             keii萤       104
169   525105971  22067425       紫海由爱Channel       104
170  1386545245  23667609     犬卷日鞠-官方WACTOR       104
171   686241472  22520319               团小哈       104
172    12862137  21359166        鹤羽Official       103
173   503026492  22696219           七个喵Nana       103
174    12450452  22262300              人间蜜药       103
175        7966    597450              花园花玲       103
176     4447907   4076610           不想睡觉的洗洗       102
177    13630808    362064               顾疚疚       102
178     2240157   3471186               姬野青       102
179     1750561   8721033               蜜球兔       102
180   194326389   6203304              兮子cc       102
181      744713   2611014       雨宫水希Channel       102
182   230487728   6615406           嚼着软糖想昵称       102
183  1795716989  24967779          阿鹤-Crane       101
184   618107325  22334596            阳阳不想熬夜       101
185  1006140314  24921679     瀬兎一也_Official       101
186   193558681   5391723              激辣味噌       101
187   324884920  22320946               江壹纯       101
188   703068520  23296355          想不长肉的喵小泽       101
189   697737710  23369901          蝶蝶Hikari       101
190   176528442  23086860              三宝iu       101
191   551527845  22810269            迷柚_mio       101
192   699327470  22578273             蜜汁粥粥_       101
193   364728311  13802532     星蚀_Finsternis       100
194      749499    915110          神咲乃希NOKi       100
195   395865658  22454728             茅山张懋衍       100
196   589799673  22671467           艾妮娅Enia       100
197  1048861669  22700047         人形冬萌_Tomo       100
198    96264399  23129160        和水_nouille       100
199  1377212676  23945583       永恒娘Official       100
200   558070433  22389319        千春_Chiharu       100
201  1942864208  24827493          卡萝尔Akuma        99
202  1543083238  24160882          纱箬sariel        99
203  1809810330  24188245             摩亞Moi        98
204     1595005    450956            录音姬阿童木        98
205  2115139772  22877717        莉莉幽ririyuu        98
206  1069108539  23472646     小鸟游杏子Official        97
207      720964   1521498           你的可樱已上线        97
208   423902976  21603945         Minicatty        97
209  1570795034  24564657              咩也爷_        94
210   666726799  22470216             悠亚Yua        94
211    58485079   2098875              温之九丶        93
212    25032753   5312656             果汁erR        93
213   313248263  10413051       宇佐紀ノノ_usagi        92
214   316381099  15152878             鹿乃ちゃん        92
215  2064099563  24762598           茂Sigeru        91
216  1819548520  24906576            桃酥Momo        91
217  1282271864  23459804            自由魂儿儿儿        91
218     2128310    399854             夕兔_H2        91
219    17511965  14343955            咦我的头发呢        91
220   652298653  23234552       餡蜜椿official        90
221   573930836  22566228      咲间妮娜Official        90
222   689840611  22950737             蟹宝没有钳        89
223   516678537  23300805             C叔小酒馆        89
224     8760033  14846654              小司无常        89
225   353361863  21514463            七濑Unia        89
226    16907771  23158413           雪虎Black        88
227      210628      5229          MKiiiiii        88
228   416622817  21413565         步玎Pudding        88
229      640283    806683             花洛栗栗子        88
230   599254182  23246975            冰淇柠QAQ        87
231    11771366   1114551           莉夏Lecia        87
232  2052064438  22824550            罗菈Rola        87
233     9700000  24613387         桃豆豆Soul歌手        86
234  1697848019  23490978           赤五教教主亮亮        86
235   472848826  22404256           纱世_sayo        86
236    11655582    924325                鵊鸣        85
237     5816642    790566        星谷樹_itsuki        84
238  1674274422  23098405            小语若mua        83
239   697652272  22569046                早穗        83
240   410124536  21368856             阿黛不太呆        83
241  2140412037  24485048               晨悠光        82
242     5482095     57437                碳鸽        82
243      795926  24022621   铭音MeIoN_2022稿期满        82
244     2679304    874479           卦者那啥子靈風        82
245   394593891  23605152       黑岛麻由_online        82
246   383668230  14896661              是辞妹o        82
247  1315870194  23106228           芙拉_Fula        81
248  1070733875  23238218      怠惰V_official        81
249     7360754   5918387            南溟酱没有胖        81
250    67246581  21711976        凉米饭Channel        80
251   272705818  24399819           仓仓爱吃牛肉干        79
252  1678686361  24837306          Sandy睡醒了        79
253  1680646141  23116434         连理今天也好可爱嗷        79
254  1658766768  22821718               午哞哞        79
255  1343252680  23582081            竹已Take        78
256      529249    282208             诺莺Nox        78
257    37756047   1352574       申岚_Official        77
258  1630494154  24715515            蔓Aoede        77
259   664047468  22772718            莉姆丝OvO        77
260  1939568047  25100511              沧海月萌        76
261   591843065  23587027         天海今天又懈怠了呢        75
262    39952788   7619799        羽蝶酥酥今天被吃了嘛        75
263      317000     10545          adogsama        75
264   449174986  22184511             阿喵吃喵喵        74
265      234782    544625            祈Inory        74
266    75937648  21725187         子花酱Hanako        74
267   325907302  22404898            冬日不要酱子        74
268     1401928    924973               火西肆        74
269      425286    292397      巫贼_ikataruto        74
270    27231887   1496588             轩喵与砂奈        73
271   602200741  22288644           瓦妮Vanee        73
272  1288036991  24411398           小惹Azure        72
273  1372936974  24441860   可妮Koni_Official        72
274     3526739   1921106              绯叶明依        72
275   485558969  21716679              乔依姑娘        72
276    18075705   2757197               夜然z        71
277  1518296186  23501664          莉奥拉Liala        71
278     9361427    905813               清則子        71
279  2093872604  22976643           五条软yuki        71
280  2100944625  22700040       露珀塔_Ruperta        71
281     5005968    866400             米白zzz        71
282    38573169   1200992            瀚兄zgrm        71
283    11399495   4910271               鸽一品        69
284  1132553462  24471858               烛宝哒        69
285   674839637  22537284                黎耶        69
286   606293627  22625077         月兮Channel        69
287  1802937912  24846830       Valentina蒂娜        68
288     3774410   1960179         樱饼饼Sakura        68
289   690608704  23017349           桃星Tocci        68
290      334299     34587                零太        68
291  1926156228  22608112         希亚娜Ciyana        68
292   477306079  21672024         真绯瑠mahiru        68
293  1968342232  24538373            曲奇Aria        67
294    21693393    370468            幽灵车尔尼桑        67
295   470085432  23128657       派萝喵Official        67
296  2119815078  23626594          安蒂维娜-克莱因        67
297   397244810  22661866             偷偷Toi        67
298  1660392980  23771189             恬豆发芽了        66
299  1220317431  25290861              凜凜蝶凜        65
300      649833     45940             茜茜甜兮兮        65
301  1095803401  23710136         小春_Koharu        65
302     8041302    725364             污喵污喵哒        65
303   690608686  22605463            茉里Mari        65
304      512480     29183            YUKIri        65
305     3802666    783445         Ask是Asuka        64
306  1164975438  22809132            幽乜Yume        63
307  1273319763  23095176                璎绯        63
308  2042629175  24963677    范塞尼尔_VamSenior        62
309       29080  12576972           无前Namae        62
310     4098782  22032167        星野綾乃Ayanya        62
311    14405936    331747          必不可能鸽的青璃        61
312     8171802    753667       风吟蝶_Channel        61
313   377042295  21594123              挽歌歌_        61
314     7723009  21356899          这碗鱼Katie        61
315     9736638   2206397              星野琳奈        61
316    27554691   8816397        熊崽_BearRRR        61
317  2123631024  22865391     辻蓝佳音瑠_channel        61
318      264161    837039        ❀Sakulaˇ小舞        61
319   527004636  23138650        叶月_Hatsuki        60
320    16217876   7768761          白夜小鸠Hato        60
321    14350494   4215185       犬山奈奈Channel        60
322   303246676  10049827             栖苑太困辽        60
323  1705007318  22920508    星ノ宮春鈴_Official        60
324   690608702  22778627       九十九_Tsukumo        60
325     3149619   3822389   有栖Mana_Official        60
326     9264492    681838     杰池莉尔-Succubus        59
327   666726801  22470208            勺Shaun        59
328      545511     10360             速冻猫犊子        59
329    11137181   4109869        伊莎蓓尔Isabel        58
330     2650919   3525213           凛-阿格里亚斯        58
331     4763529     40529        幽灵事务所_XPEC        58
332    13908542  22251977       柊真华Official        58
333    45336140   4346806              星野绵奈        57
334  1533406766  24448785           请关注明夏珊海        57
335    23100916  23148857        诺诺nono_nya        57
336   258875006   7202100         溯月Sotsuki        57
337   569192826  23084015       沙口酱official        57
338      323153    609304            小豆芽安雪璃        57
339   499255060  21778565             七儿あまい        57
340   474593909  21622680           花玲Karin        57
341     5374546     57018                望神        57
342  1451797925  25148241               尹青依        56
343     3328498   2416317             祁宝困兮兮        56
344  1042854135  23594422  ShizukouOfficial        56
345   494850406  21990617      白银莉莉Official        56
346    94363275  21710273        日向葵Channel        55
347   392505232  21224291    安堂いなり_official        55
348  1993395129  22967698        散華藍SankaAI        54
349    74617154   2996680          倪奈奈变欧亿点点        54
350      477007   3649650         Sawako碎花子        54
351    61639371  21484828     轴伊Joi_Channel        54
352      890735   2698402             Atom玲        54
353   381450932  14371283              慕九酒-        54
354  1810786106  24063763              千岛尤樱        53
355  1216158888  23784861            果奈suki        53
356      398431  24173090        塔蒂娜Tattina        53
357   399923919  23426285              姜南星_        52
358   661461705  22487947      莉莉安_Official        52
359      128552    283870   JimDez_Official        52
360     5870649   2052325            玫瑰先生LS        52
361      249243   8688111    小豆沢あずきofficial        52
362      487902   7595278           召唤师yami        52
363   487550002  21811136     猫芒ベル_Official        52
364     1344144     97558       免免_Official        51
365  1878154667  23771139          沐霂是MUMU呀        51
366  1880355910  23520070              秋月盈儿        51
367  2009235986  23093993         戌夜初Hajime        51
368    49142760  22815234        咪诺今天也要元气满满        51
369     1278545    175965        格蕾缇娅Gretia        51
370   571841213  22205953       三日暦Official        51
371     8558528   8726118           清濑冰ices        50
372   180035670   5298167            皮卡少个丘w        50
373   286113280  21742155              望月希咏        50
374  1420419918  22745778         浅井有纱Arisa        50
375     2048677   1868279            米见Mita        50
376    13158687   4339349           超绝卫星轨道炮        50
377       91352   2853663      心羽萝妮Official        49
378    41461068   9618253       艾诺斯Official        49
379   558070436  22389323          清良Kiyora        49
380     3614240  21700355               御司司        48
381   484451346  21706254         绚辻眠兔Minto        48
382   688275304  22621413            Zoe_舟一        48
383      835644    735709        卡农_Channel        48
384    12945093    497517              冬雪沫沫        48
385      839059    739818           妮特_Nito        48
386    26541399    360169          鹿子kanoco        48
387   128912828   4767523             沙月ちゃん        48
388    65568410   2516117        管珩心-中间的字念哼        48
389  1382719257  23517719    咸蛋黄饭团-official        47
390  1489377760  23017641          竹月芽Meiya        47
391    34423885   6485126            耳可Milo        47
392     2239559  10877511  Mira恶魔米拉official        47
393  1899153123  22787192       芒崎小吉Channel        47
394   692611676  22601447             井野川歌铃        47
395   690608694  22605466             伊深Imi        47
396      394936   8725320  盐天使riel_official        47
397      168210   7478830          沧棂Soleil        47
398  1863644136  23240551            弦羽Hane        46
399   157330863  22041958      神奈希_Official        46
400     7591465    873642            里奈Rina        46
401   441315555  22582590          神代祐希Yuki        46
402  1436519963  23509728              是喵宝呀        45
403      278296   8641515               橘绘理        45
404      597701   1375798         压刹channel        45
405     1583472     24125           鲸落落raku        45
406   650663945  22550560     诺拉Nora_Heitis        45
407  1323227037  23252619         山椒阿露波Arpa        45
408    15225468  23389000      辛西娅_Cynthiaa        45
409      826393     97687               叶洛洛        45
410   493885362  23195139          岚墨_Holic        45
411  1422451239  22715167             软萌布丁酱        45
412    38271760  22682795        淩钰Official        45
413  1030723991  22927644          瞳瞳要好好学炉石        45
414    12120515   2425420   尼奥喵Neil_Channel        45
415     4365978    193520              一支橘猫        44
416  1703797642  22966160       李豆沙_Channel        43
417   267439469  22208948          柠檬今天练歌了吗        43
418  1085221011  22992633       尤娜_Official        43
419      651649   3725076              特莉丝忒        43
420     1926687   1517135       猫川多多道-taku道        42
421      863287   5224688        天雨Rainfall        42
422      147688     35350              lvlv        42
423   690608687  22778596            蕾米Remi        42
424    36576761   6129586       诗小雅Official        42
425   650573749  22506899          尤利娅Yulia        42
426  1004127267  23648738            芙蕾娅フレア        41
427   529107543  23099155               fa漠        41
428    29488539    147488             这里是馍君        41
429   690608689  23260856          夜宫Yomiya        41
430   233299554  23025519         麦乐桃_Molly        41
431   412630000  21348897            亮_Sama        41
432     3032688   6760154             -Yu酱-        41
433  1152597935  22720043             星宫魔琉瑠        40
434  1723206278  23985703         希洛伊Shiroi        40
435   582225536  22286296             麦芽不甜_        40
436   410741448  21399689      Milky_Vtuber        40
437  1121411561  22935036                万灼        40
438  1340967709  23149132        花云凛_propro        40
439    21374533   1221274         彼岸霜滢Eliro        40
440   482911295  21712635   绮良kira_Official        40
441   472845978  21613353            有加plus        39
442   336442974  22845802           夜原没有小尾巴        39
443  1156637837  23085720             雪绘莉莉奈        39
444   442902274  21573665      紫桃爱音Official        39
445  1209958561  22807430               褚斐易        39
446     1516482     42270         白桃Shirako        39
447  1834090921  24849407          哟蔻桃桃YOCO        38
448   323905978  23417026       忧特若丝_Uterus        38
449  1701192807  23900853               音离宝        37
450  1181247064  23615209           森川雪yuki        37
451     4242014   9170973          满天星Hoshi        37
452     1352646     74571        米哦Official        37
453   676278201  23337608              -言如惑        37
454   118754720   4611671               雨街F        37
455     4911722  22074371     黑桐亚里亚Official        37
456    17907167  22843050          狸哩今天也是废狐        36
457    19986917  24343457              与枝老师        36
458   526071118  22233836           魔法少女真理酱        36
459  1803585918  23251345             千零莉露卡        36
460   476676325  21649962        米蕾優channel        36
461   135980509  21701071            永远永远酱w        36
462   441382432  21547904      小东人魚Official        36
463    16059520    452450     五彩呆鸟咩Official        35
464   302199093  10000323             稚Yuki        35
465   359081808  13990730            季毅Jiyi        35
466     4861197    311280        雾雨威Channel        35
467   472877684  21613356            惑姬Waku        35
468  1269309692  24169782            涅梨Neri        34
469  1405589619  23805059           希维Sybil        34
470  1535525542  23905421           量子少年-泽一        34
471  1688076885  22865861               ねこれ        34
472  1011812576  23370653              奈奈大芙        34
473  1813355484  22830111              水月泉汐        34
474  1394476714  23113694        猫柠morning_        33
475    15367591    892762               白银赖        33
476  1757836012  23905403           量子少年-楚枫        33
477    75094637  23562312              尾巴困困        33
478     8156542  23058813          芙蕾_Furei        33
479  1220621189  22852903      东堂比乃Official        33
480    20966016  23722192        绫濑Official        32
481      744031  14009974        蝶蝶狐_Chouko        32
482   438848253  21545805            盲盲Memo        32
483   513273343  21920570           龙西Rinya        32
484  1472906636  22727121            ywwuyi        32
485   434563934  21449068         叶Official        32
486    11300631   1313362          阿嗔Aurora        32
487    11644473    498388       第二颗纽扣给樱酱QvQ        32
488  1848290057  23404362            灯瑠hiru        31
489     5106924     76326        桓信Official        31
490   393457552  21785289              A梦酱吖        31
491    26087398   1016818     猫屋敷梨梨Official        31
492   180485916   5998426           是姬拉Kira        31
493   604738184  23390101         雷米尔Remiel        30
494    43187576   1363311            _かがみ_镜        30
495  1677271465  23319833            尤酱睡饱饱w        30
496     3478945   8778648           阿芙洛狄不吃肉        29
497  1115540220  22973442          夏莉Sherry        29
498     5221160    882956              煎鱼vv        29
499  1968783589  22926711          茉吱Mojuko        29
500    26398020   7544221       异株湖Official        29
501   690608712  23550793             友夏Uka        28
502   556027338  22757605        Yumi和烟璃の日常        28
503   499276043  23046619        沙利叶_Suriel        28
504       88687    449396              w丘丘w        27
505   628061724  22371829      神月萤_Official        27
506    20875904   4315783         无家可归的流浪鲲鲲        27
507   323774877  21732370           星陵Betty        27
508   663577831  22500194            幼薇喵nya        27
509     3084780    529718          空伶cherry        27
510     3301695    872551             电鸟个灯泡        26
511  1285890335  24088644        海德薇Hedvika        26
512   346381116  12624443              樱庭香草        26
513  1089059487  23089686      星奈铃-官方WACTOR        26
514    36996701   2447665            桂花酒酿元宵        26
515   688492564  22529153            婕婕才是姐姐        26
516      492862    566227      阳向心美Official        26
517   180247922   6116476         无趣Kirisaa        26
518      408696   5631165            浥昕sora        25
519    14493990    863065               韩未晞        25
520     3063155   1259929            饭咩Meya        25
521     4718716   2303412               鱼鸽鸽        25
522    23263470    972474               法里达        24
523    92610220  24319484              你群离岛        24
524  1468007004  23362558              望月理莎        24
525    96975902  23680570           是悠姬Yuki        24
526   272983835   8043184          魔法少女喵月月酱        24
527     6483727   3558274        小恶魔channel        24
528  1278321533  23786670            椰乃不是椰奶        23
529  1055615738  23245332           莉莉洁想吃点心        23
530    13821638  23139505           舒听酒要努力呢        23
531   477631054  22970900       KiraKira_粒酱        23
532    15076745    364027              彩虹酱哇        23
533    81534454  24003630              曲莓团子        22
534   666726802  22470204            瑞芙Reve        22
535     8247516  24093696              花田田甜        22
536    44903085  14197798           安晴Ankii        22
537     1869304   6632844      孙有劲Sunyeojin        22
538   273245608   8857387        苏宇能有什么坏心思呢        22
539   517746113  22055164           御剣莉亚-官方        22
540  2111566071  22874107            小禾mohu        21
541  1687861308  22695385              晓曦超甜        20
542  1731037094  23113220         月野木罗_kira        20
543  1242456361  23069606      长月春雪_Channel        20
544   436693674  22159299      早濑弥生Official        20
545  1914655751  24467094         爱宝Channel        19
546   474593911  21622688           _慕斯Muse        19
547   382819280  21643791        希希年今天喝奶茶了吗        19
548   666726803  22470189      伊莎贝拉Official        19
549   324607600  11771685           翎洛Likeu        19
550   517060084  21970333       一颗芽Official        18
551  1494451119  23065710               小馋狮        18
552   474369808  21696957        度人Tabibito        18
553    35819875    515759            宋三岁sss        18
554  1353739557  22718711        长绾raffaele        17
555    97340936   4012961       S1娘Official        17
556  1411553322  24469153            侑萝Yoro        16
557  1094889067  23136093                雪理        16
558    22765153     70808              那神银酱        16
559    24626465   6519380     半糖果茶_official        16
560   120279132  22598262      猫ゐ咲夜official        16
561   541696090  22340341           早见咲Saki        16
562   431473020  21426806     初焰Hatsuhomura        16
563     3570093   1589452              不举萌栗        16
564     3303103    519052             机动型青空        15
565     4071581   1050301           小毛拔了个火罐        15
566   516481950  22453062              海杰HJ        15
567   391614061  21300316           日月咪玉-官方        15
568   414827620  22257854                团奈        14
569   381439252  23031625            兰笛Saku        14
570      515455    602744             奴良睡不醒        14
571   421347849  21415012    白百合リリィOfficial        14
572    16518078    448395             莫奈睡不醒        13
573   340345723  23806497             阿雾睡不醒        13
574   286914392  23193752                秋淩        13
575  1226750038  23141734              木熏熏吖        13
576  1322881625  22705839             巫沐Umo        13
577   420249427  21403609            琉绮Ruki        13
578    77817759  24334336       特蕾莎Theresa_        12
579  1468306600  23556311      皇白璐-官方WACTOR        12
580  1865791469  23625060         橙歌歌睡不醒OvO        12
581    13374691     60841            2000两千        12
582    21682845   6171178           犽犽是个小憨憨        12
583   386900246  21304638      神楽七奈Official        12
584  1086675151  23942393            言彦_SAY        11
585   374017536  14239687          女巫Vivian        11
586   442426299  21799389      琴吹夢_official        11
587   489772340  21772091           阿尼_Arni        11
588     1576121   4895312          帕里_Paryi        11
589      314993     58593    橘柠院Jny_砂糖橘Soda        11
590     2523666  21110343             艾晓萌萌萌        10
591   104602477  23913870           OoKami君        10
592  1613609207  23931597     神本樱奈_Official        10
593   479193165  23683349         卡露比Karu8y        10
594      165375  23146138           阿凌Ringo        10
595     2141162   2885077  五十岚佳乃叶KNHChannel        10
596    21025175  22895029             芝麻狐狐-        10
597  2123801125  23105517          星谷呜冬Udon        10
598     5928256   3769956        悅棠心桜Sakura        10
599     1850809    298094            墨白siro         9
600  1357287708  24893910       胡锡子Official         9
601     4506529   5179685          Maru不是马茹         9
602       90873      5424              内德维德         9
603   522045311  22029628        柯柯Official         9
604   456749835  22782192      阳夏诺诺Official         9
605    10030059   3858888              伊月猫凛         9
606  2059039611  23375836        梨茉在数羊_momo         8
607   378606811  22341433              螃蟹那由         8
608    21258448  11669208              西汐xi         8
609  1658229747  22760722            柚叽Uchi         8
610    49563331  22860878              蚕弥哒哟         8
611   393595532  21157374         转生成骸骸子这档事         8
612    14634764     37799               英短喵         8
613     2652312   6866925           不爱画画的七口         7
614      542746    653547            丨Keepo         7
615  1821760400  22905754            阿珉amin         7
616  1081765694  23208247            花梨梨爱鹅笑         7
617   237256572   7511203             折扇想睡觉         7
618    11181582    100963              -流仙-         7
619    34237849  22802744  bili_54896247963         7
620  1010093017  23173129         马太Mastest         7
621    47868246   2241806            戈洛Glow         7
622   490331391  21763344           沙夜_Saya         7
623   364225566  14578426         战斗吧歌姬官方账号         7
624    19366645    473323              悅音幻絲         6
625   670473494  22478114             慕橙mmm         6
626   488970166  22030718            花谱_kaf         6
627     8119834  12770821              千草はな         6
628     1480838    759938    EricaZehnt_埃莉卡         6
629      461809    962983            一只皮皮熊呀         6
630      373263    709219         旺财Inukami         6
631  1315573139  24087754         罗兹Blazing         5
632   651402196  23769635            今朝尘尽光生         5
633  1679938687  24122168               段段嗷         5
634  1330766232  24137142               冰兔w         5
635  1620923329  22622469      琳_千鸟Official         5
636        1398    562257      灵源道长Official         5
637    24892274  12276581               风沫语         5
638  1780983970  23013064   Saku悠娜-official         5
639   430219038  21660284       希贝尔Official         5
640     3076830   1559211             账号已注销         5
641      269558    544624           pipi-萍萍         5
642   628292881  22389314         卡欧斯_Chaos         5
643      199915    435048             空风Kuu         5
644   358695457  13576775       小虾鱼Official         5
645   523133310  22663131       雅丽斯_Channel         4
646  2103954767  22846258          阿莳Komaki         4
647       37328    180696         卡欧莉_KaOri         4
648    27651919  23948328           栢岚Cx330         4
649  1434286779  23715321       二朵Akirakira         4
650    96230774  22564918              宅喵阿桃         4
651  2112973233  23075120          约修亚Yocia         4
652   628835970  23152492           社长今天有点困         4
653  1825301994  23118493       漪月灵-Aether-         4
654  1108865507  23071105             歌手艾七月         4
655  1147353799  23043489              神木潼潼         4
656   636674318  22908657    虚研社经纪人Official         4
657   471226936  22039777               滑稽猿         4
658         693  22348429             赫卡Tia         4
659   558984017  22414924            自己的高仿号         4
660   524279657  22197280            猫小鹰Owl         4
661      820535    718548          默磷Mayori         4
662     7961896   9591764            荔枝呀qwq         4
663     3022597   3668504             露馅eer         3
664  1723100461  24044804      琥珀玲_Official         3
665   228167069  23023985             林黛玉ww         3
666  1943950465  23609888     MONA-official         3
667  1090010845  22622290    艾瑞思_千鸟Official         3
668    49653129   1522963       stage1st宅社区         3
669  1472782154  23080567            瑠瑠帆るるほ         3
670    87429152   4917068             俗语不可说         3
671   495707763  22934515        只只Official         3
672   431311100  21417013          月见_tsuki         3
673    12823143    290127    瑠璃川こはくofficial         3
674   473764233  21627536      田汐汐_Official         3
675   337827661  11575621        陆婉莹GodRiku         3
676      517601   1156041             账号已注销         3
677     4191585     18574              刹那仮想         2
678  1829633422  22930316       珂珞哲official         2
679     1769578   1539872           俊俊子会rap         2
680  1224180222  23852833           喵喵是只流浪喵         2
681     5860011    992582        九尾的夜猫-Neko         2
682  2097219437  23733603           灵灵乃reno         2
683   686960404  22587407         园子_Sonoko         2
684   334537711  13747625     艾白_千鸟Official         2
685      383599     15949            高町丶薇维欧         2
686  2036015357  22776501        利泽特Lizette         2
687    66692456  22915135         诺莉尔Nolier         2
688   686665614  22845214           羽宙Uchuu         2
689   474856218  21981503            奈璐Naru         2
690  1617739681  22791567            立花遥はるか         2
691     1974326  22668828         Moririnnx         2
692   124025181  22386431       水龙敬Official         2
693    17059522   1495477           幻想乡的琉璃猫         2
694   476903292  21666922     佐久間ねむOfficial         2
695     9074616   3448101                元・         2
696   455916618  21571739            无理MURI         2
697   595407557  22359795         菜菜子Nanako         2
698     1740548     26283        小伞一把Kokasa         2
699     4450868   1413570              八宝酱阿         2
700   276436402  22685598               难欲别         1
701  1332334128  23800880             飞絮小仙女         1
702  1891728206  22623163   Coco_千鸟Official         1
703  2108532315  23509601       林野星Official         1
704    15883143    426024            爱摸鱼的人潮         1
705     1523623   3668335           紅やAkaya         1
706   480723986  22840221             苏苏酱鸭l         1
707   479768577  23084763             苗苗Mio         1
708    85297446   3331468            星奈viky         1
709  1572390407  23204017             沐情超爱辣         1
710  1462858376  23108224        如壹的全宇宙唯一小号         1
711  1824597784  23212019      米露提亚Official         1
712  1401208510  23008996             豆子Ayo         1
713   609132511  22330922             超级索尼马         1
714  2132566155  23138488         帕米尔Pamirs         1
715    95334691   3821208              是沐釉哦         1
716   342566986  22918406       云螭月_Channel         1
717  1043321643  23084794       STOP0000011         1
718   332093364  22860013        汐音_Shione_         1
719  1589117610  23001181          朝海沫霓Moni         1
720  1910896691  23057716             账号已注销         1
721   429982753  22323231            四季折の羽_         1
722   646432928  22918711            路理Kuri         1
723  2143967328  22768399         纪代因果_Inga         1
724   496600848  22602225           甜梦少女卡莉酱         1
725     8363141  22242682             账号已注销         1
726      828468    727143          烛子_ikina         1
727   474593910  21622687        超V学园_林伊Eli         1
728      738497    909090            希叔不会喝酒         1
729   427061218  21618129          夜霧Yogiri         1
730   451066708  21602686       新科动漫Channel         1
731    32589074   4872086      草加陆人laiciffo         0
732   398046086  21230298           湘灵是只小狐狸         0
733   216905835  22906028             原神の兜兜         0
734   492762252  23903294               大船记         0
735     2308730   3570974       xxxXx_X_XX_         0
736  1899937919  23429625                嫣珑         0
737    94923804   9195983                恺゛         0
738  1996270842  23551913              炽琳11         0
739    11951064   1138328             被遗忘者1         0
740   416614876  23365188     米尔帕斯_official         0
741  1847726295  23376684          尾绒Aurora         0
742   486997652  22692115              水卜泡泡         0
743    14382057  21513354            爱德华EDS         0
744  2014624029  23363777            残暴樱桃小熊         0
745  1865862406  23250283          恋野萌萌momo         0
746   252597833  13854915           夏日限定菠萝猫         0
747   697964606  23107894            爱吃的萤火酱         0
748     2108977     47325               葱白君         0
749  2099635516  23229192          白床Perori         0
750  1552531961  23236287             黒霧にいろ         0
751       44469    744732    柩Kyuu_Official         0
752   550899722  23146219             鱼遥Yao         0
753   367295017  23320407             账号已注销         0
754   299211960  13381293         异世界的暮卡er_         0
755  1585320184  23319825             账号已注销         0
756   698094102  22573826            我不好说了捏         0
757     2139677  15161590            转生中-南川         0
758     5471378    481086         米莱_Millay         0
759   104980443  23096939         瞳official         0
760  1928217508  22943224            代号-202         0
761  1606577455  23190727      妙善公主Official         0
762  1583690517  23148607            纪律部南波兔         0
763  1994541396  23095291    库拉里罗滋-官方WACTOR         0
764  1237746158  23104974               小夜铃         0
765   389052735  22443116             鹿鹿西米鹿         0
766  1451827196  23133856             账号已注销         0
767     8063267   5291090           米米米M米花糖         0
768     1590297     17368               缱落铃         0
769    95286968   3923040          阿贞zzdrws         0
770  1315935808  23124800        绿绿official         0
771   304538761  14370788   世界猫Nia_Official         0
772    14874566   1210217              织诺红莲         0
773     2954058   7791548              阳口沙织         0
774  1801375919  23104752             账号已注销         0
775   437073522  23064003          歌奈pigeon         0
776  1820277537  23101371             纱柚sau         0
777   436823223  23045312       茨少凌_Channel         0
778    83340815  14754466            极北的狸喵酱         0
779     7801382    291509               啊朔丶         0
780  1434788295  23012235       STOP0000012         0
781    39796923   5261059           程Rizwan         0
782   688898768  22531409             账号已注销         0
783   375370414  22213220           蜜汁de自信i         0
784   646658134  22888048         或许爆爆就是金克斯         0
785  1661076923  22821806         私Official         0
786   690608701  22778617          犬童Kendou         0
787     1359996    664481       南宫灯official         0
788   647575049  22553538     月见里朔良Official         0
789     6268594   3695068             鹿仔酸Q糖         0
790    11850816   1437304        VECTOR_维克特         0
791    32365653   2659281            慕瑶的花花哇         0
792   486618657  21720301      月兔华-WACTOR官方         0
793   247652554   9934974              网友小鸢         0
794   483419193  21776474      新月岚_Official         0
795  1103073471  22671791          小豆沢Azuki         0
796  1599316734  22667136         Nokooooo_         0
797    34019939   3820990           卡琪酱Taki         0
798   474593912  21622694      超V学园_白祁Seven         0
799   642588972  22409418      佐仓旬夏Official         0
800   442655565  21503113       芙栗希娅Felicia         0
801   436596837  21463227       家长麦Official         0
802   652240042  22485731   闪光Pika_Official         0
803    94928549  22485622    贝伦修坦因_official         0
804   625255764  22439372           新账号在置顶里         0
805    73544914  10666184           橘栗_July         0
806   471308347  21664698        寿寿歌_suzuka         0
807   389858027  21130785      百鬼绫目Official         0
808   624252710  22349494      狮白牡丹Official         0
809   370687588  22111428            花留Karu         0
810     2154078    614957           真的不是那个酱         0
811   354411419  21618138          希薇娅Civia         0
812   479965355  22210240   萝卜蘸酱_机萪Official         0
813   434341786  21452118             账号已注销         0
814   511613155  21908196          阿媂娅Artia         0
815   511613157  21908222        罗莎琳Rosalyn         0
816   511613156  21908209          朵莉丝Doris         0
817   491474048  21752681      天音彼方Official         0
818     6055289    947447       高槻律official         0
819   456368455  21641569               黑桃影         0
820     7688959   9565979         爱吃瓜子的薇一er         0
821   332704117  11588230      白上吹雪Official         0
822   336731767  13946381       夏色祭Official         0
823       98181   4418655       菫妃奈Official         0
824   373493702  14110147             兰若_Re         0
825     2350845  21349375            咩咩咩咩呀咩         0
826   375504219  14917277     湊-阿库娅Official         0