            uid   room_id              name guard_num
0     672342685  22625027           乃琳Queen      1102
1     672346917  22625025             向晚大魔王       874
2     672353429  22632424            贝拉kira       809
3        198297    876396              冰糖IO       754
4     672328094  22637261           嘉然今天吃什么       702
5      18149131    704808    Overidea_China       637
6     351609538  22634198           珈乐Carol         1
0     480680646  21696950             阿萨Aza      5004
1     508963009  21919321       HiiroVTuber      2540
2       1950658     41682               早稻叽      1167
3     473244363  22992234          蕾尔娜Leona      1100
4       2294686  23094995         晓曦Asahino      1094
5     480745939  21696953            罗伊_Roi      1071
6    1281805827  25734481   Fulgur-Official      1064
7       7706705     80397          阿梓从小就很可爱      1058
8     434334701  21452505         七海Nana7mi       904
9    1265680561  22603245              永雏塔菲       881
10    269415357   7688602            花花Haya       855
11   1437582453  22816111       東雪蓮Official       805
12   1856528671  23256987            陆鳐LuLu       784
13   1601895109  25245573    shoto_official       775
14    401315430  22886883       星瞳_Official       739
15       477792     24393               雪狐桑       627
16    401480763  21402309     眞白花音_Official       466
17   1588646945  25206807            巴老师的小号       446
18     56748733  21756924           雪绘Yukie       431
19      3035105   3415150            奈姬niki       411
20   1669777785  25512443            露早GOGO       378
21    617459493  22384516                呜米       361
22       140378    958617              梦音茶糯       357
23       632960   1944820        切茜娅CheIsea       347
24   1795147802  25512501             柚恩不加糖       337
25    477332594  21652717         白神遥Haruka       325
26      3821157  21692711         东爱璃Lovely       311
27       745493   8792912                咩栗       305
28       282994     47377           泠鸢yousa       302
29   1900434152  23105590       恋乃夜舞_propro       284
30   1778026586  25512465            米诺高分少女       271
31        45502  22650610         冥冥meichan       262
32    387636363  21013446      雫るる_Official       260
33    358629230  13328782           Flora圆圆       259
34     14387072   6374209              小可学妹       256
35    407106379  21396545     绯赤艾莉欧_NHOTBOT       237
36      5563350   4138602       小希小桃Channel       228
37   1775966996  24731541   Vox_EN_Official       216
38   1838190318  24643640             魔狼咪莉娅       194
39   1230039261  23905374           量子少年-慕宇       177
40      2299184   8725120      古守血遊official       173
41      3046429    938957              祖娅纳惜       164
42    402417817  22047448       星宮汐Official       161
43    692283831  22571958     美波七海-official       156
44    489146840  22301377       奈奈莉娅Channel       156
45    349991143  12235923     神楽Mea_NHOTBOT       156
46    406805563  21320551       乙女音Official       139
47    441381282  21547895      花丸晴琉Official       129
48    697091119  22676119  猫雷NyaRu_Official       100
49    434565011  21449083      物述有栖Official       100
50   1096223397  22853788    白雪艾莉娅_Official        68
51    504674421  23588360           零诺Reino        48
52      1473830   1485080       AIChannel官方        29
53    667526012  22622535     文静_千鸟Official         1
54   1370775553  22974318              -桃易-         1
55   2001283668  22642673    路星晨Morningstar         0
56      9034870    190577      星街彗星Official         0
0     385281102  21749031         紗耶_sayako       503
1     477317922  21672023            弥希Miki       421
2    1802011210  22758221      夏川玥玥Official       411
3     399815233  21728563         烛灵儿Hikari       362
4     698029620  22696653           兰音Reine       342
5        780791   5561470            Mia米娅-       328
6     441952268  22014628          五月织姬ctsu       325
7       9066351  21737386            塔克Tako       318
8    2094031249  22748536             火羽ひのめ       297
9      12497617   4788550             胡桃Usa       271
10    623441612  22347054      椎名菜羽Official       258
11    109834414  24492364              井上鸢御       239
12    690608709  23550749             尤格Yog       239
13    690608704  23017349           桃星Tocci       238
14     49922172   2444178           正直少年李发卡       237
15      5005968    866400             米白zzz       237
16      3985676    947866            扶桑大红花丶       230
17   1752208642  23293581         犬川面面Miami       227
18     18932485    437817             顾子韵_w       222
19   1875044092  25512476             莞儿睡不醒       221
20   1641367203  24745250           新生代持剑少年       221
21    698438232  22673512                扇宝       216
22       510047  22333522         伊万_iiivan       216
23   1643484295  22900071           岱川Doris       211
24   1875094289  22754458      小铃久绘Official       211
25    591892279  22889484              希月萌奈       211
26       512480     29183            YUKIri       211
27    471460273  22195814           杜松子_Gin       210
28    292838396  12845193              鸢尾牙牙       209
29       518817   5169315                早凉       205
30   1199634708  24742685             梅妻ume       204
31      4176573    870691            Akie秋绘       202
32     43272050  21646457       穆小泠Official       202
33   1958703906  22894962            靡烟miya       195
34     17511965  14343955            咦我的头发呢       195
35    479633069  21677969          秋凛子Rinco       195
36      6783704    145277             酥幼妹妹わ       195
37       899804    411318          红晓音Akane       193
38    602724685  22300771         雷岁_Raisai       192
39     61639371  21484828     轴伊Joi_Channel       190
40    631070414  22389206              折原露露       190
41    574317507  22210372         香取绮罗_kira       187
42   2049968320  23343237               夏卜卜       185
43    606293627  22625077         月兮Channel       184
44   1294678093  25166222          杜铂雷Dobre       183
45   1133258171  24726627          洛瑞娅EIF93       181
46     51030552   1603600            星汐Seki       178
47   1811071010  25512485            虞莫MOMO       175
48     15076745    364027              彩虹酱哇       174
49     11431931    675014          ninnikuu       174
50    324897535  25497805       柯罗诺斯Chronus       173
51     18075705   2757197               夜然z       173
52      2128310    399854             夕兔_H2       171
53    353361863  21514463            七濑Unia       171
54    477342747  21672022         星弥Hoshimi       171
55    690608690  23260932          恋诗夜Koxia       170
56      1612112   1321846        夏诺雅_shanoa       170
57        52522    850221               露蒂丝       169
58    666726799  22470216             悠亚Yua       168
59      8881297     55634        钉宫妮妮Ninico       167
60   1954091502  25788785             岁己SUI       166
61       922573    251015          黑泽诺亚NOIR       166
62      1598595   6869043                朗加       165
63      6415072     43241              虚拟小萨       165
64    505183397  24143549          桃宝Momoko       162
65   1734978373  22696954         小柔Channel       162
66    324884920  22320946               江壹纯       160
67      1780645    540024    粉黛乱子Capillaris       159
68      6853766   3032130          舒三妈Susam       158
69   1501380958  22746343        艾露露Ailurus       156
70   2072717192  23969425            万拓普TOP       155
71   1394160176  23808442         纱音_Syanon       155
72   1155425566  23805066           希侑Kiyuu       154
73   2123631024  22865391     辻蓝佳音瑠_channel       154
74     36265198  23596840        沐晓空Channel       153
75   1543083238  24160882          纱箬sariel       153
76   1219196749  23303212         唐九夏还想再躺一下       152
77   2126507529  23527503            蒂莉雅回家家       151
78   1359949418  23224539            小小约yoo       150
79      8353198   2662397             白灯不拖更       149
80       731556     92450             綾音Aya       149
81   2140412037  24485048               晨悠光       147
82      5659864   2064239               鹿野灸       147
83     30507713    444084             小小小小玟       143
84       620903    870004        泰蕾莎Channel       143
85       607286    757349              i御十二       141
86    690608698  23260993           瑞娅_Rhea       139
87    393885664  22882574            诺可Noko       138
88   1220621189  22852903      东堂比乃Official       138
89    121487111   4585823               东野凹       137
90     12939237    264788              有棵里里       136
91    398655122  21713184               莫熙呐       134
92   1376650682  22857429        葡冷尔子gagako       134
93     54191665   8643223       木糖纯Official       134
94    230487728   6615406           嚼着软糖想昵称       134
95   1096034982  24978909              兔眠可可       133
96    180485916   5998426           是姬拉Kira       131
97    613345189  22344968          蛙吹Keroro       130
98     13199099  21724277               植物椿       129
99   1993395129  22967698        散華藍SankaAI       129
100  1657906522  23696756              花雨春绘       129
101    35565205   4375036               茭白柒       129
102      529249    282208             诺莺Nox       128
103   509050400  21879412            雷柏磷ボリン       128
104      610390     14893     乌拉の帝国Official       128
105   176135235  22880700       星野怜Official       127
106    14040282   2362676          光尘Takami       127
107      532791  23092710   薇拉Vera-Official       126
108  1768094747  24153954               安纪亚       126
109  2006452883  24778741         路希维德Wiede       126
110     6699767    713435               未未昭       126
111     2096422    200344               宝叽一       125
112    14897804   7953876           宴宁ccccc       125
113   434662713  21448649  NoWorld_Official       125
114      186463    337374              綾奈奈奈       125
115  1041474702  22953950            病院坂Rei       124
116  1484169431  23805029          雾深Girimi       124
117  1757836012  23905403           量子少年-楚枫       123
118    39267739   4316215       铃音_Official       123
119   697737710  23369901          蝶蝶Hikari       122
120     1750561   8721033               蜜球兔       122
121   477306079  21672024         真绯瑠mahiru       122
122    12622108   6653352            不稳定发电机       120
123   347784817  13827947           -阿予ayu_       120
124  1637486568  25622556              梦咲有绪       120
125   283886865   9234980         说说Crystal       120
126  1386545245  23667609     犬卷日鞠-官方WACTOR       119
127    17661166  21925332       鈴木玲子_Suzuki       119
128   529341976  24334012            奶芙wuhu       118
129   703018634  22605289         莱妮娅_Rynia       118
130     1802392   9395707            榛葉nami       116
131  1069108539  23472646     小鸟游杏子Official       116
132  1802654492  23777594              七禾いえ       116
133   545530293  22563900            饭团喵にゃん       116
134  1923344666  24393990    佐保姬夕映-官方WACTOR       115
135   503801557  23778409     猫姬琥珀_official       115
136     1521415     81004       艾尔莎_Channel       115
137   671538942  22571722           黎歌Neeko       115
138  2082574877  24604089            幼栗突然出现       114
139  1584039005  24954295              星见汐娅       114
140  1816182565  22898905        珞璃Official       114
141   225347042   9162799       九重紫Official       114
142   329323412  25442739             月荧una       113
143    24957521   4726132            吃肉包的怂鼠       113
144  1827016353  25357579           幽刹Yocha       112
145  1087725318  24926753        白雪葵Channel       112
146    57871034  23246736               栀小朵       112
147   423902976  21603945         Minicatty       112
148  1202416628  24255210            眠特Mint       111
149    12450452  22262300              人间蜜药       111
150   321650277  24833274          凤小七seven       110
151    16510117    623698             机智大灯灯       110
152  1846208014  22864117        盖乃希亞Galaxy       110
153  2052064438  22824550            罗菈Rola       109
154     1401928    924973               火西肆       109
155    11253297    392523            多多poi丶       109
156   480432362  21685677               鈴宮鈴       109
157    11771366   1114551           莉夏Lecia       108
158  1377212676  23945583       永恒娘Official       108
159     2878144    708397        鹤祁_Tsuruki       108
160    17992194   5573692            芝士饿晕了耶       107
161     9006357    276936            玫瑰色的马鹿       107
162  1673137696  24731561  Luca_EN_Official       107
163  1703797642  22966160       李豆沙_Channel       107
164   593793031  23854724           泉鹅Izumi       107
165     2341174    918717                池年       107
166   434401868  21457197              中单光一       107
167  1436878388  23831283             悄悄Qoo       105
168    13838369   1760427            早月Moon       105
169   702411002  23351434               怦怦梨       105
170   602200741  22288644           瓦妮Vanee       105
171      545511     10360             速冻猫犊子       105
172   372984197  14052636  夢乃栞Yumeno_Shiori       105
173   435243735  23222837            礼墨Sumi       104
174   692437895  22637920        桃井最中Monaka       104
175  1927037753  23261911            纱鱼sayu       104
176  1296133469  23332935          路菲比Febee       104
177   396466366  22010395            五十铃0-0       103
178    23155481   5461024              一点荧惑       103
179   618107325  22334596            阳阳不想熬夜       103
180    20966016  23722192        绫濑Official       103
181      163653    162180   尼奈nine_Official       103
182   484660274  21706862       七咔拉CHikalar       103
183   410689349  22054199              仙女安_       103
184    17794913   1033927             猫辞猫辞猫       103
185  1288322599  25175443             小尾巴七饭       102
186  1947412463  25363316          雪茨yukiji       102
187  1492229330  25204574      早雾圣奈_Channel       102
188  1710146343  24701720         玲儿ZeroTwo       102
189  1124440113  25604590              明夏珊海       102
190  1011797664  24697117          卡缇娅也不知道鸭       102
191     1363457   1487005           米团团Miho       102
192   516678537  23300805             C叔小酒馆       102
193  1309996332  25284190             颜清o_0       101
194   474001777  25174964              紫苑爱祢       101
195  1099227208  25347962             卡氧吃不饱       101
196   455899334  22163937               秋蒂Q       101
197  2126709029  25180280      結城梓_official       101
198  1244296084  23365207       菲莉丝_Phyllis       101
199  1570624336  25524451     MerryOfficial       101
200     2093232    994304              轻叹ww       101
201    96264399  23129160        和水_nouille       101
202  1243266187  22742508    林莉奈RinaHayashi       101
203    11009752    992724        Tarina-糖妮娅       100
204   546192461  25235084           Rinko琳可       100
205  1355412269  23075997           随一Suiii       100
206   589799673  22671467           艾妮娅Enia       100
207  1112031857  22924075           薇Steria       100
208      659401     19064                荀异       100
209   598716541  22712271           春小花sama       100
210    67246581  21711976        凉米饭Channel       100
211   551527845  22810269            迷柚_mio       100
212   194326389   6203304              兮子cc       100
213   473513205  21611039          夏可可_Kero       100
214  1302129189  24369033             柚只大小姐        99
215  1652030487  25068178   司月蜃SinnLordlune        99
216   390647282  21465419     浅野天琪_TANCHJIM        99
217     1595005    450956            录音姬阿童木        99
218  1141334416  25155352      齐格鲁_Official        98
219   176528442  23086860              三宝iu        98
220  1695304985  23675738              白卷玲奈        97
221  1372936974  24441860   可妮Koni_Official        97
222      234782    544625            祈Inory        97
223  1683039418  25171149      犬伏理香-channel        96
224  1005457213  25172501        辉瞳_Channel        96
225    13089665   1223832             橙子miu        96
226     4718291   1155608         花见汐梨Yuuri        96
227    13630808    362064               顾疚疚        96
228   220293909  24939060               千春葵        95
229   313248263  10413051       宇佐紀ノノ_usagi        95
230   257463461  11559434              小猫蛋卷        94
231     5986897   6204892           绫月汐Shio        94
232   364728311  13802532     星蚀_Finsternis        93
233  2007781080  22989215      天曰小雏Official        93
234   699327470  22578273             蜜汁粥粥_        92
235     2100679     56237            还有醒着的么        92
236  1040909140  25178731      成海晴爱_Channel        91
237  2093872604  22976643           五条软yuki        91
238   686241472  22520319               团小哈        91
239   421267475  21403601            艾因Eine        91
240   410636303  21418775           飞鸟穹Sora        90
241  1200516867  24042664            娅弥Yami        90
242   498188835  25367871            汐尔Sier        90
243     7758230   1376191              亦之紫F        90
244  1116286149  25089255      海童亚奈子_propro        89
245   690608706  22605469      田野柴Tanoshiba        89
246      433307    818240            洛佩sama        89
247  1819548520  24906576            桃酥Momo        88
248   497973325  24345195           晴人honey        88
249    13908542  22251977       柊真华Official        88
250  2059201075  25159955     Kiko_Official        87
251      720964   1521498           你的可樱已上线        87
252   282875499  22387734                衣娅        87
253  1683159082  24105617       五月病official        86
254      210628      5229          MKiiiiii        86
255  1557142458  25178538          弥海星砂misa        85
256    35231887    469803              星海玲奈        84
257   402283366  22497143         大冤种鱼丸学姐ya        84
258   703068520  23296355          想不长肉的喵小泽        84
259    94363275  21710273        日向葵Channel        84
260   526225523  22290215                费可        84
261   380829248  14327465          花园Serena        84
262  1697848019  23490978           赤五教教主亮亮        83
263     8760033  14846654              小司无常        83
264      317000     10545          adogsama        83
265  1660392980  23771189             恬豆发芽了        82
266  1630494154  24715515            蔓Aoede        82
267   416622817  21413565         步玎Pudding        82
268   410124536  21368856             阿黛不太呆        82
269   382696576  23335326              一只豆婲        81
270     1583472     24125           鲸落落raku        81
271   573930836  22566228      咲间妮娜Official        81
272     5374546     57018                望神        81
273   690608714  23805078          狩砂Karisa        80
274  1734677911  23245990             酒菜禾子呀        80
275     8041302    725364             污喵污喵哒        80
276     1433840    847674      vivian198808        79
277  2139886807  24808180      雨音月奈_NHOTBOT        78
278      749499    915110          神咲乃希NOKi        78
279  1942864208  24827493          卡萝尔Akuma        78
280  1282271864  23459804            自由魂儿儿儿        78
281     1697694    602283                蝶太        78
282      425286    292397      巫贼_ikataruto        78
283  1216158888  23784861            果奈suki        77
284     4447907   4076610           不想睡觉的洗洗        77
285     8171802    753667       风吟蝶_Channel        77
286   690608694  22605466             伊深Imi        77
287   160450916   5293697          小风铃是只咕咕狐        77
288    34815578  23116807          りんうらん霖雨蘭        76
289        7966    597450              花园花玲        76
290     3526739   1921106              绯叶明依        75
291    36576761   6129586       诗小雅Official        75
292    23100916  23148857      貔貅诺诺nono_nya        74
293   698168210  23094410       画外灯official        74
294   690608712  23550793             友夏Uka        74
295     3802666    783445         Ask是Asuka        74
296   480248442  22381346           北柚香Yuka        73
297   394593891  23605152       黑岛麻由_online        73
298   316381099  15152878             鹿乃ちゃん        73
299    32410214    901625              子凌弈秋        72
300  1518296186  23501664          莉奥拉Liala        72
301     1467772    544820              封茗囧菌        72
302    47791562  22861834            赫拉Kris        72
303   325907302  22404898            冬日不要酱子        72
304   666953198  23174362              初芝学姐        71
305    39952788   7619799        羽蝶酥酥今天被吃了嘛        71
306  1422451239  22715167       布丁酱Official        71
307  2115139772  22877717        莉莉幽ririyuu        71
308   437786939  21473201             keii萤        70
309     1524009    177152             砂纸大魔王        70
310     9923775    925758               柯暮卿        70
311    27231887   1496588             轩喵与砂奈        70
312   690608691  22605464          千幽Chiyuu        70
313      839059    739818           妮特_Nito        70
314       47441     54897  Ruriko琉璃子Channel        70
315     7482932    197082               倾瓷v        70
316  1343252680  23582081           竹已Take_        69
317  1674274422  23098405            小语若mua        69
318   272705818  24399819           仓仓爱吃牛肉干        68
319  2064099563  24762598           茂Sigeru        68
320     3614240  21700355               御司司        68
321    11416708  23348061              九奈猹猹        68
322   664047468  22772718            莉姆丝OvO        68
323    12862137  21359166        鹤羽Official        68
324  1273319763  23095176                璎绯        68
325    25032753   5312656             果汁erR        68
326     3149619   3822389   有栖Mana_Official        68
327     3774410   1960179         樱饼饼Sakura        67
328   180035670   5298167            皮卡少个丘w        67
329  1512788587  23388273           诺娅Sukie        67
330   697652272  22569046                早穗        67
331   482911295  21712635   绮良kira_Official        67
332   690608686  22605463            茉里Mari        66
333    41461068   9618253       艾诺斯Official        65
334   582225536  22286296             麦芽不甜_        65
335   569192826  23084015       沙口酱official        65
336  1926156228  22608112         希亚娜Ciyana        65
337   629814419  23998995            哒叽luna        64
338    37756047   1352574       申岚_Official        64
339  1678686361  24837306          Sandy睡醒了        64
340  1048861669  22700047         人形冬萌_Tomo        64
341  2119815078  23626594          安蒂维娜-克莱因        64
342    16217876   7768761          白夜小鸠Hato        63
343       29080  12576972           无前Namae        63
344   303246676  10049827             栖苑太困辽        63
345   128912828   4767523             沙月ちゃん        63
346  1544125954  24731569    Mysta_Official        62
347     5482095     57437                碳鸽        62
348  1553780731  23965951          许亦真_REAL        62
349   397244810  22661866             偷偷Toi        62
350  1705007318  22920508    星ノ宮春鈴_Official        62
351     1743015     40195           星越Koshi        62
352   527004636  23138650        叶月_Hatsuki        61
353  1809810330  24188245             摩亞Moi        61
354   661461705  22487947      莉莉安_Official        61
355  1288036991  24411398           小惹Azure        60
356   470085432  23128657       派萝喵Official        60
357   576858552  22323445           毬亚Maria        60
358  1436519963  23509728              是喵宝呀        59
359    16907771  23158413           雪虎Black        59
360     5816642    790566        星谷樹_itsuki        59
361   258875006   7202100         溯月Sotsuki        59
362  1011812576  23370653              奈奈大芙        59
363   474593909  21622680           花玲Karin        59
364    11655582    924325                鵊鸣        58
365   599254182  23246975            冰淇柠QAQ        58
366     1278545    175965        格蕾缇娅Gretia        58
367      640283    806683             花洛栗栗子        58
368   558070436  22389323          清良Kiyora        58
369   395865658  22454728             茅山张懋衍        57
370  1132553462  24471858               烛宝哒        57
371  1315870194  23106228           芙拉_Fula        57
372  1164975438  22809132            幽乜Yume        57
373   377042295  21594123              挽歌歌_        57
374     4098782  22032167        星野綾乃Ayanya        57
375  2132566155  23138488         帕米尔Pamirs        57
376   181998984  10956073              果糖含量        57
377    36081646   1546736               洛天依        57
378      649833     45940             茜茜甜兮兮        56
379  1878154667  23771139          沐霂是MUMU呀        56
380      128552    283870   JimDez_Official        56
381    27554691   8816397        熊崽_BearRRR        56
382  1030723991  22927644          瞳瞳要好好学炉石        56
383   525105971  22067425       紫海由爱Channel        55
384    11399495   4910271               鸽一品        55
385  1121411561  22935036                万灼        55
386   674839637  22537284                黎耶        55
387    14350494   4215185       犬山奈奈Channel        55
388  1308967115  23029299              鱼一YY        55
389  1899153123  22787192       芒崎小吉Channel        55
390   690608702  22778627       九十九_Tsukumo        55
391    65568410   2516117        管珩心-中间的字念哼        55
392    21693393    370468            幽灵车尔尼桑        54
393   193558681   5391723              激辣味噌        54
394    74617154   2996680          倪奈奈变欧亿点点        54
395      477007   3649650         Sawako碎花子        54
396   666726801  22470208            勺Shaun        54
397  1795716989  24967779          阿鹤-Crane        53
398  1570795034  24564657              咩也爷_        53
399  1095803401  23710136         小春_Koharu        53
400    26541399    360169          鹿子kanoco        53
401   567234492  22321043         玛安娜Myanna        52
402  1939568047  25100511              沧海月萌        52
403      117906     11306        阿伊蕾特Ayelet        52
404  1968342232  24538373            曲奇Aria        52
405   690608689  23260856          夜宫Yomiya        52
406      264161    837039        ❀Sakulaˇ小舞        52
407   397758529  25356160               桜都子        51
408  2065480445  22913192            茶茶太困了Q        51
409   323905978  23417026       忧特若丝_Uterus        51
410  1880355910  23520070              秋月盈儿        51
411   494850406  21990617      白银莉莉Official        51
412      334299     34587                零太        51
413  1263271233  22993378            铃伊_Rei        51
414      249243   8688111    小豆沢あずきofficial        51
415   392505232  21224291    安堂いなり_official        51
416  1802937912  24846830       Valentina蒂娜        50
417   388092833  23535840               酥酒呀        50
418    81534454  24003630              曲莓团子        50
419     9264492    681838     杰池莉尔-Succubus        50
420  1070733875  23238218      怠惰V_official        50
421      846180   3012597          喵田弥夜Miya        50
422      741520     33942        茶冷_Channel        50
423      744713   2611014       雨宫水希Channel        50
424     8558528   8726118           清濑冰ices        49
425  1382719257  23517719    咸蛋黄饭团-official        49
426    58485079   2098875              温之九丶        49
427   688492564  22529153            婕婕才是姐姐        49
428  1025491703  23941099     塞拉菲娜_Serafina        48
429     3328498   2416317             祁宝困兮兮        48
430   484451346  21706254         绚辻眠兔Minto        48
431   396316042  23199554   羽咲Rabi_Official        48
432   286113280  21742155              望月希咏        48
433     9361427    905813               清則子        48
434  1152597935  22720043             星宫魔琉瑠        47
435   341688520  23442130              弥音千绪        47
436     2679304    874479           卦者那啥子靈風        47
437   499276043  23046619        沙利叶_Suriel        47
438  1658766768  22821718               午哞哞        47
439     2239559  10877511  Mira恶魔米拉official        47
440   255928137  10124752               川岛智        47
441      597701   1375798         压刹channel        46
442   700599724  22583566              乖乖凝烟        46
443     3301695    872551             电鸟个灯泡        45
444     1344144     97558       免免_Official        45
445     7723009  21356899          这碗鱼Katie        45
446      672507    837317              甜心鹤宝        45
447    12945093    497517              冬雪沫沫        45
448  2100944625  22700040       露珀塔_Ruperta        45
449     3032688   6760154             -Yu酱-        45
450   488836173  25411285       yoyo鹿鸣_Lumi        44
451    14405936    331747          必不可能鸽的青璃        44
452      826393     97687               叶洛洛        44
453    38271760  22682795        淩钰Official        44
454     4071581   1050301           小毛拔了个火罐        44
455   358085156  14848063          魔法少年电池er        43
456  2042629175  24963677    范塞尼尔_VamSenior        43
457  1863644136  23240551            弦羽Hane        43
458  1723206278  23985703         希洛伊Shiroi        43
459   472848826  22404256           纱世_sayo        43
460     6716902   2371727          吉鲤yuriri        43
461    96975902  23680570           是悠姬Yuki        42
462    49142760  22815234        咪诺今天也要元气满满        42
463    25487242   5389469              兮兮兮唐        42
464       91352   2853663      心羽萝妮Official        41
465   157330863  22041958      神奈希_Official        41
466   591843065  23587027         天海今天又懈怠了呢        41
467      890735   2698402             Atom玲        41
468   385331112  21402308          辉月Atsuki        41
469   487550002  21811136     猫芒ベル_Official        41
470   514600263  24483629             桃雾mio        40
471     1926687   1517135       猫川多多道-taku道        40
472    19986917  24343457              与枝老师        40
473      398431  24173090        塔蒂娜Tattina        40
474     7591465    873642            里奈Rina        40
475   267439469  22208948          柠檬今天练歌了吗        40
476     2048677   1868279            米见Mita        40
477   442902274  21573665      紫桃爱音Official        40
478   692611676  22601447             井野川歌铃        40
479   387108043  15142311            莉姬LIJI        40
480      795926  24022621   铭音MeIoN_2022稿期满        39
481  1156637837  23085720             雪绘莉莉奈        39
482      147688     35350              lvlv        39
483     6000336    550335       AirSAMAdesu        39
484      168210   7478830          沧棂Soleil        39
485   441382432  21547904      小东人魚Official        39
486  1181247064  23615209           森川雪yuki        38
487     2650919   3525213           凛-阿格里亚斯        38
488   690608687  22778596            蕾米Remi        38
489    13158687   4339349           超绝卫星轨道炮        38
490     1516482     42270         白桃Shirako        38
491  1834090921  24849407          哟蔻桃桃YOCO        37
492     3188835   1766019             三千院可奈        37
493  1115540220  22973442          夏莉Sherry        37
494  1323227037  23252619         山椒阿露波Arpa        37
495    43187576   1363311            _かがみ_镜        37
496   438848253  21545805            盲盲Memo        37
497    26087398   1016818     猫屋敷梨梨Official        37
498   429964467  23114598          卡连Kallen        36
499   336442974  22845802           夜原没有小尾巴        36
500     2523666  21110343             艾晓萌萌萌        36
501   410741448  21399689      Milky_Vtuber        36
502      744031  14009974        蝶蝶狐_Chouko        36
503  1451797925  25148241               尹青依        35
504      278296   8641515               橘绘理        35
505  1535525542  23905421           量子少年-泽一        35
506   323774877  21732370           星陵Betty        35
507    16059520    452450     五彩呆鸟咩Official        35
508     8198901   6959050         染染_Ranoca        35
509    20875904   4315783         无家可归的流浪鲲鲲        34
510  1701192807  23900853               音离宝        34
511   474593911  21622688           _慕斯Muse        34
512    34237849  22802744               千代茨        34
513   412630000  21348897            亮_Sama        34
514     4911722  22074371     黑桐亚里亚Official        34
515    17907167  22843050          狸哩今天也是废狐        33
516     4242014   9170973          满天星Hoshi        33
517  1489377760  23017641          竹月芽Meiya        33
518    34423885   6485126            耳可Milo        33
519  1472906636  22727121            ywwuyi        33
520    12120515   2425420   尼奥喵Neil_Channel        33
521     1602085    171195              Yuu喵        33
522   472877684  21613356            惑姬Waku        33
523     2240157   3471186               姬野青        32
524   135980509  21701071            永远永远酱w        32
525  1042854135  23594422  ShizukouOfficial        31
526    15225468  23389000      辛西娅_Cynthiaa        31
527  1085221011  22992633       尤娜_Official        31
528   393457552  21785289              A梦酱吖        31
529   434563934  21449068         叶Official        31
530  1688076885  22865861               ねこれ        30
531   688275304  22621413            Zoe_舟一        30
532   359081808  13990730            季毅Jiyi        30
533    21374533   1221274         彼岸霜滢Eliro        30
534   436693674  22159299      早濑弥生Official        30
535   515053790  22110436           椋笙栗Kuri        29
536    45336140   4346806              星野绵奈        29
537      651649   3725076              特莉丝忒        29
538  1285890335  24088644        海德薇Hedvika        28
539     6483727   3558274        小恶魔channel        28
540   663577831  22500194            幼薇喵nya        28
541  1006140314  24921679     瀬兎一也_Official        27
542   476676325  21649962        米蕾優channel        27
543   399923919  23426285              姜南星_        26
544  1055615738  23245332           莉莉洁想吃点心        26
545   474369808  21696957        度人Tabibito        26
546   493885362  23195139          岚墨_Holic        25
547   118754720   4611671               雨街F        25
548   571841213  22205953       三日暦Official        25
549    32915000    302816              枕边小软        25
550    29488539    147488             这里是馍君        24
551     1352646     74571        米哦Official        24
552    75094637  23562312              尾巴困困        24
553  2009235986  23093993         戌夜初Hajime        24
554   556027338  22757605        Yumi和烟璃の日常        24
555  1209958561  22807430               褚斐易        24
556   488970166  22030718            花谱_kaf        24
557   180247922   6116476         无趣Kirisaa        24
558   604738184  23390101         雷米尔Remiel        23
559    11137181   4109869        伊莎蓓尔Isabel        23
560   517060084  21970333       一颗芽Official        23
561  1094889067  23136093                雪理        23
562     4861197    311280        雾雨威Channel        23
563    22765153     70808              那神银酱        23
564   513273343  21920570           龙西Rinya        23
565     1869304   6632844      孙有劲Sunyeojin        23
566      492862    566227      阳向心美Official        23
567   431473020  21426806     初焰Hatsuhomura        23
568     3063155   1259929            饭咩Meya        23
569  1848290057  23404362            灯瑠hiru        22
570   652298653  23234552       餡蜜椿official        22
571  1394476714  23113694        猫柠morning_        22
572     8491226     24567         茉莉奶芙Molly        22
573  1677271465  23319833            尤酱睡饱饱w        22
574   374017536  14239687          女巫Vivian        22
575   666726803  22470189      伊莎贝拉Official        22
576     2654466     64566          猫幼cattyo        22
577      835644    735709        卡农_Channel        21
578   272983835   8043184          魔法少女喵月月酱        21
579    97340936   4012961       S1娘Official        21
580     4718716   2303412               鱼鸽鸽        21
581   472845978  21613353            有加plus        20
582   529107543  23099155               fa漠        20
583  1803585918  23251345             千零莉露卡        20
584    12070947    944614            见风kaze        20
585   525978277  22078423               千亿呀        20
586         693  22348429             赫卡Tia        20
587  1004127267  23648738            芙蕾娅フレア        19
588      863287   5224688        天雨Rainfall        19
589   526071118  22233836           魔法少女真理酱        19
590    11187227  12320762         铃月澪Azlier        19
591      408696   5631165            浥昕sora        19
592  1242456361  23069606      长月春雪_Channel        19
593  1813355484  22830111              水月泉汐        19
594  1780983970  23013064   Saku悠娜-official        19
595  2111566071  22874107            小禾mohu        19
596   517746113  22055164           御剣莉亚-官方        19
597   491147165  23144336              墨姬ww        18
598   650573749  22506899          尤利娅Yulia        18
599      394936   8725320  盐天使riel_official        18
600     3570093   1589452              不举萌栗        18
601   666726802  22470204            瑞芙Reve        17
602  1619195693  23942394              阿今今w        17
603   441315555  22582590          神代祐希Yuki        17
604  1914655751  24467094         爱宝Channel        16
605     1769578   1539872           俊俊子会rap        16
606  1405589619  23805059           希维Sybil        16
607   346381116  12624443              樱庭香草        16
608  1687861308  22695385              晓曦超甜        16
609   120279132  22598262      猫ゐ咲夜official        16
610   391614061  21300316           日月咪玉-官方        16
611      373263    709219         旺财Inukami        16
612     8247516  24093696              花田田甜        15
613   340345723  23806497             阿雾睡不醒        15
614   389052735  22443116             鹿鹿西米鹿        15
615      487902   7595278           召唤师yami        15
616      314993     58593    橘柠院Jny_砂糖橘Soda        15
617  1865791469  23625060         橙歌歌睡不醒OvO        14
618   233299554  23025519         麦乐桃_Molly        14
619    24626465   6519380        月见果Channel        14
620      515455    602744             奴良睡不醒        14
621  1468007004  23362558              望月理莎        13
622   414827620  22257854                团奈        13
623   479193165  23683349         卡露比Karu8y        13
624    11181582    100963              -流仙-        13
625  1089059487  23089686      星奈铃-官方WACTOR        13
626  1494451119  23065710               小馋狮        13
627   430219038  21660284       希贝尔Official        13
628    26398020   7544221       异株湖Official        13
629   386900246  21304638      神楽七奈Official        13
630   442426299  21799389      琴吹夢_official        12
631     3303103    519052             机动型青空        12
632      199915    435048             空风Kuu        12
633  1468306600  23556311      皇白璐-官方WACTOR        11
634    19366645    473323              悅音幻絲        11
635  1731037094  23113220         月野木罗_kira        11
636     2954058   7791548              阳口沙织        11
637    62411789   3994724  KKKelly_Official        10
638    44903085  14197798           安晴Ankii        10
639    85297446   3331468            星奈viky        10
640  2022640280  22882513             疯子又饿了        10
641   381439252  23031625            兰笛Saku        10
642    36996701   2447665            桂花酒酿元宵        10
643   420249427  21403609            琉绮Ruki        10
644  1411553322  24469153            侑萝Yoro         9
645    77817759  24334336       特蕾莎Theresa_         9
646  1278321533  23786670            椰乃不是椰奶         9
647   286914392  23193752                秋淩         9
648     4763529     40529        幽灵事务所_XPEC         9
649  1968783589  22926711          茉吱Mojuko         9
650   686665614  22845214           羽宙Uchuu         9
651     1576121   4895312          帕里_Paryi         9
652  1533406766  24448785           请关注明夏珊海         8
653  2059039611  23375836        梨茉在数羊_momo         8
654    13821638  23139505           舒听酒要努力呢         8
655   456749835  22782192      阳夏诺诺Official         8
656  1322881625  22705839             巫沐Umo         8
657    21682845   6171178           犽犽是个小憨憨         8
658   628292881  22389314         卡欧斯_Chaos         8
659       90873      5424              内德维德         7
660     3084780    529718          空伶cherry         7
661    22971353  22435542          zhima芝麻_         6
662  1613609207  23931597     神本樱奈_Official         6
663  1541578027  23318430              加油小仙         6
664  2112973233  23075120          约修亚Yocia         6
665  1353739557  22718711        长绾raffaele         6
666    10030059   3858888              伊月猫凛         6
667   421347849  21415012    白百合リリィOfficial         6
668    29565751  13397917            是你清晨的粥         6
669   364225566  14578426         战斗吧歌姬官方账号         6
670   107609241   6461515       VUP保护协会-青叶の         5
671   689840611  22950737             蟹宝没有钳         5
672     1850809    298094            墨白siro         5
673   651402196  23769635            今朝尘尽光生         5
674  1330766232  24137142               冰兔w         5
675   522045311  22029628        柯柯Official         5
676  1081765694  23208247            花梨梨爱鹅笑         5
677    37502021   4536168             奇奇Qi7         5
678   125964693   5882130            小狼崽芬里尔         5
679     2141162   2885077  五十岚佳乃叶KNHChannel         5
680    49563331  22860878              蚕弥哒哟         5
681     1480838    759938    EricaZehnt_埃莉卡         5
682  1357287708  24893910       胡锡子Official         4
683  1679938687  24122168               段段嗷         4
684   228167069  23023985             林黛玉ww         4
685   237256572   7511203             折扇想睡觉         4
686    19462294   3777439               柠狐柃         4
687  1825301994  23118493       漪月灵-Aether-         4
688    49653129   1522963       stage1st宅社区         4
689  2123801125  23105517          星谷呜冬Udon         4
690  1108865507  23071105             歌手艾七月         4
691      451793   6580433             一块薯饼呐         4
692    47868246   2241806            戈洛Glow         4
693   393595532  21157374         转生成骸骸子这档事         4
694   541696090  22340341           早见咲Saki         4
695   558984017  22414924            自己的高仿号         4
696   490331391  21763344           沙夜_Saya         4
697    14634764     37799               英短喵         4
698   358695457  13576775       小虾鱼Official         4
699  1269309692  24169782            涅梨Neri         3
700     4506529   5179685          Maru不是马茹         3
701   523133310  22663131       雅丽斯_Channel         3
702  1315573139  24087754         罗兹Blazing         3
703       37328    180696         卡欧莉_KaOri         3
704  1620923329  22622469      琳_千鸟Official         3
705  1434286779  23715321       二朵Akirakira         3
706   670473494  22478114             慕橙mmm         3
707      165375  23146138         阿凌-接2D转3D         3
708  1677301717  23038420           由咪Kyomi         3
709  1658229747  22760722            柚叽Uchi         3
710        1398    562257      灵源道长Official         3
711     4714298  11615094            小羽毛Aki         3
712     3076830   1559211             账号已注销         3
713   473764233  21627536      田汐汐_Official         3
714      269558    544624           pipi-萍萍         3
715   524279657  22197280            猫小鹰Owl         3
716   337827661  11575621        陆婉莹GodRiku         3
717      517601   1156041             账号已注销         3
718     7961896   9591764            荔枝呀qwq         3
719     4191585     18574              刹那仮想         2
720  1224180222  23852833           喵喵是只流浪喵         2
721  2103954767  22846258          阿莳Komaki         2
722  1373609212  23144188            5妤m想抱抱         2
723  1723100461  24044804      琥珀玲_Official         2
724  2097219437  23733603           灵灵乃reno         2
725   410602048  21434004        邱责责chuseki         2
726   686960404  22587407         园子_Sonoko         2
727  1821760400  22905754            阿珉amin         2
728      383599     15949            高町丶薇维欧         2
729  1090010845  22622290    艾瑞思_千鸟Official         2
730    96230774  22564918              宅喵阿桃         2
731    66692456  22915135         诺莉尔Nolier         2
732    33419912   3597056              慕倾城鸾         2
733    21025175  22895029             芝麻狐狐-         2
734  1147353799  23043489              神木潼潼         2
735   495707763  22934515        只只Official         2
736   646432928  22918711            路理Kuri         2
737   471226936  22039777               滑稽猿         2
738   474856218  21981503            奈璐Naru         2
739  1617739681  22791567            立花遥はるか         2
740   431311100  21417013          月见_tsuki         2
741    12823143    290127    瑠璃川こはくofficial         2
742     1974326  22668828         Moririnnx         2
743   124025181  22386431       水龙敬Official         2
744     8119834  12770821              千草はな         2
745     9074616   3448101                元・         2
746   455916618  21571739            无理MURI         2
747     1740548     26283        小伞一把Kokasa         2
748     3022597   3668504             露馅eer         1
749   276436402  22685598               奕光_         1
750  1332334128  23800880             飞絮小仙女         1
751    27651919  23948328           栢岚Cx330         1
752  1891728206  22623163   Coco_千鸟Official         1
753     5860011    992582        九尾的夜猫-Neko         1
754  2108532315  23509601       林野星Official         1
755     1523623   3668335           紅やAkaya         1
756  1943950465  23609888     MONA-official         1
757   480723986  22840221             苏苏酱鸭l         1
758  1462858376  23108224        如壹的全宇宙唯一小号         1
759  1824597784  23212019      米露提亚Official         1
760  1010093017  23173129         马太Mastest         1
761  2036015357  22776501        利泽特Lizette         1
762   628835970  23152492           钥笙星prpr         1
763    21258448  11669208              西汐xi         1
764   489772340  21772091           阿尼_Arni         1
765    95334691   3821208              是沐釉哦         1
766   342566986  22918406       云螭月_Channel         1
767  1472782154  23080567            瑠瑠帆るるほ         1
768  1589117610  23001181          朝海沫霓Moni         1
769   429982753  22323231            四季折の羽_         1
770   636674318  22908657    虚研社经纪人Official         1
771  2143967328  22768399         纪代因果_Inga         1
772   496600848  22602225           甜梦少女卡莉酱         1
773     8363141  22242682             账号已注销         1
774   476903292  21666922     佐久間ねむOfficial         1
775      828468    727143          烛子_ikina         1
776   595407557  22359795         菜菜子Nanako         1
777      820535    718548          默磷Mayori         1
778   427061218  21618129          夜霧Yogiri         1
779     6055289    947447       高槻律official         1
780   451066708  21602686       新科动漫Channel         1
781     4450868   1413570              八宝酱阿         1
782    32589074   4872086            二次元陆君_         0
783   216905835  22906028          CSGO兜Dou         0
784   492762252  23903294               大船记         0
785     2308730   3570974       xxxXx_X_XX_         0
786  1899937919  23429625                嫣珑         0
787    94923804   9195983                恺゛         0
788  1996270842  23551913              炽琳11         0
789    11951064   1138328             被遗忘者1         0
790   416614876  23365188     米尔帕斯_official         0
791  1847726295  23376684          尾绒Aurora         0
792   486997652  22692115              水卜泡泡         0
793   479768577  23084763             苗苗Mio         0
794    14382057  21513354            爱德华EDS         0
795   334537711  13747625     艾白_千鸟Official         0
796  2014624029  23363777            残暴樱桃小熊         0
797  1865862406  23250283          恋野萌萌momo         0
798   252597833  13854915           夏日限定菠萝猫         0
799   697964606  23107894            爱吃的萤火酱         0
800     2108977     47325               葱白君         0
801  2099635516  23229192          白床Perori         0
802  1552531961  23236287             黒霧にいろ         0
803       44469    744732    柩Kyuu_Official         0
804   550899722  23146219             鱼遥Yao         0
805   367295017  23320407             账号已注销         0
806   299211960  13381293         异世界的暮卡er_         0
807  1585320184  23319825             账号已注销         0
808   698094102  22573826            我不好说了捏         0
809     2139677  15161590            转生中-南川         0
810     5471378    481086            可以哦___         0
811  1401208510  23008996             豆子Ayo         0
812   104980443  23096939         瞳official         0
813   498456064  22178825            阿月不是咕咕         0
814  1928217508  22943224            代号-202         0
815  1606577455  23190727      妙善公主Official         0
816  1583690517  23148607            纪律部南波兔         0
817  1994541396  23095291    库拉里罗滋-官方WACTOR         0
818  1237746158  23104974               小夜铃         0
819  1451827196  23133856             账号已注销         0
820     8063267   5291090           米米米M米花糖         0
821     1590297     17368               缱落铃         0
822    95286968   3923040          阿贞zzdrws         0
823  1315935808  23124800        绿绿official         0
824   304538761  14370788   世界猫Nia_Official         0
825  1801375919  23104752             账号已注销         0
826   437073522  23064003          歌奈pigeon         0
827  1820277537  23101371             纱柚sau         0
828   436823223  23045312       茨少凌_Channel         0
829  1043321643  23084794       STOP0000011         0
830   332093364  22860013        汐音_Shione_         0
831    83340815  14754466            极北的狸喵酱         0
832     7801382    291509               啊朔丶         0
833  1434788295  23012235       STOP0000012         0
834    39796923   5261059           程Rizwan         0
835  1910896691  23057716             账号已注销         0
836   688898768  22531409             账号已注销         0
837   375370414  22213220           蜜汁de自信i         0
838   646658134  22888048         或许爆爆就是金克斯         0
839  1661076923  22821806         私Official         0
840   690608701  22778617          犬童Kendou         0
841     1359996    664481       南宫灯official         0
842   647575049  22553538     月见里朔良Official         0
843     6268594   3695068           腊味双拼鹿仔煲         0
844    11850816   1437304        VECTOR_维克特         0
845    32365653   2659281            慕瑶的花花哇         0
846   486618657  21720301      月兔华-WACTOR官方         0
847   247652554   9934974          准时不早退的小鸢         0
848   483419193  21776474      新月岚_Official         0
849  1103073471  22671791          小豆沢Azuki         0
850  1599316734  22667136         Nokooooo_         0
851    34019939   3820990           卡琪酱Taki         0
852   474593912  21622694      超V学园_白祁Seven         0
853   642588972  22409418      佐仓旬夏Official         0
854   442655565  21503113       芙栗希娅Felicia         0
855   436596837  21463227       家长麦Official         0
856   652240042  22485731   闪光Pika_Official         0
857    94928549  22485622    贝伦修坦因_official         0
858   625255764  22439372           新账号在置顶里         0
859    73544914  10666184           橘栗_July         0
860   471308347  21664698        寿寿歌_suzuka         0
861   389858027  21130785      百鬼绫目Official         0
862   624252710  22349494      狮白牡丹Official         0
863   370687588  22111428            花留Karu         0
864     2154078    614957           真的不是那个酱         0
865   474593910  21622687        超V学园_林伊Eli         0
866   354411419  21618138          希薇娅Civia         0
867   479965355  22210240   萝卜蘸酱_机萪Official         0
868   434341786  21452118             账号已注销         0
869   511613155  21908196          阿媂娅Artia         0
870   511613157  21908222        罗莎琳Rosalyn         0
871   511613156  21908209          朵莉丝Doris         0
872   491474048  21752681      天音彼方Official         0
873   456368455  21641569               黑桃影         0
874     7688959   9565979         爱吃瓜子的薇一er         0
875   332704117  11588230      白上吹雪Official         0
876   336731767  13946381       夏色祭Official         0
877       98181   4418655       菫妃奈Official         0
878   373493702  14110147             兰若_Re         0
879      461809    962983            一只皮皮熊呀         0
880     2350845  21349375            咩咩咩咩呀咩         0
881   375504219  14917277     湊-阿库娅Official         0