            uid   room_id              name guard_num
0     672342685  22625027           乃琳Queen     10677
1      18149131    704808    Overidea_China     10369
2     672353429  22632424            贝拉kira      6409
3     672346917  22625025             向晚大魔王      1313
4     672328094  22637261           嘉然今天吃什么       932
5     351609538  22634198           珈乐Carol         2
0     401315430  22886883       星瞳_Official      4274
1        477792     24393               雪狐桑      2495
2     434334701  21452505         七海Nana7mi      2234
3    1795147802  25512501             柚恩不加糖      1645
4     480680646  21696950             阿萨Aza      1568
5    1588646945  25206807            巴老师的小号      1472
6    1230039261  23905374           量子少年-慕宇      1147
7    1778026586  25512465            米诺高分少女      1070
8    1669777785  25512443            露早GOGO      1051
9     692283831  22571958     美波七海-official      1000
10   1601895109  25245573    shoto_official       959
11       140378    958617              梦音茶糯       835
12    508963009  21919321       HiiroVTuber       769
13    349991143  12235923     神楽Mea_NHOTBOT       735
14      3821157  21692711         东爱璃Lovely       705
15      7706705     80397          阿梓从小就很可爱       692
16   1265680561  22603245              永雏塔菲       613
17    269415357   7688602            花花Haya       601
18    401480763  21402309     眞白花音_Official       594
19       632960   1944820        切茜娅CheIsea       564
20    477332594  21652717         白神遥Haruka       543
21   1775966996  24731541   Vox_EN_Official       486
22    489146840  22301377       奈奈莉娅Channel       469
23     56748733  21756924           雪绘Yukie       424
24        45502  22650610         冥冥meichan       377
25       282994     47377           泠鸢yousa       360
26    387636363  21013446      雫るる_Official       345
27       249118    363889         shourei小N       340
28     14387072   6374209              小可学妹       340
29    617459493  22384516                呜米       336
30      3035105   3415150            奈姬niki       335
31    358629230  13328782           Flora圆圆       320
32      1950658     41682               早稻叽       300
33      2299184   8725120      古守血遊official       292
34   1096223397  22853788    白雪艾莉娅_Official       271
35       745493   8792912                咩栗       250
36   1838190318  24643640             魔狼咪莉娅       242
37    441381282  21547895      花丸晴琉Official       237
38    473244363  22992234          蕾尔娜Leona       218
39    697091119  22676119  猫雷NyaRu_Official       206
40      3046429    938957              祖娅纳惜       160
41   1900434152  23105590       恋乃夜舞_propro       131
42    406805563  21320551       乙女音Official       130
43      5563350   4138602       小希小桃Channel       124
44    434565011  21449083      物述有栖Official        91
45      1473830   1485080       AIChannel官方        36
46    381257126  22709927              正版戒九         3
47   1370775553  22974318              -桃易-         2
48    667526012  22622535     文静_千鸟Official         1
49   2001283668  22642673    路星晨Morningstar         0
50      9034870    190577      星街彗星Official         0
0    1673137696  24731561  Luca_EN_Official       787
1       4176573    870691            Akie秋绘       761
2     480745939  21696953            罗伊_Roi       741
3      51030552   1603600            星汐Seki       732
4    1856528671  23256987            陆鳐LuLu       635
5     574317507  22210372         香取绮罗_kira       555
6     698438232  22673512                扇宝       513
7    1437582453  22816111       東雪蓮Official       496
8      36081646   1546736               洛天依       422
9      43272050  21646457       穆小泠Official       365
10    441952268  22014628          五月织姬ctsu       350
11   2094031249  22748536             火羽ひのめ       333
12    479633069  21677969          秋凛子Rinco       331
13    698029620  22696653           兰音Reine       330
14   1643484295  22900071           岱川Doris       323
15    488836173  25411285       yoyo鹿鸣_Lumi       317
16   1875044092  25512476             莞儿睡不醒       309
17   1104048496  22642754             桃几OvO       286
18      9066351  21737386            塔克Tako       282
19     11431931    675014          ninnikuu       263
20   1811071010  25512485            虞莫MOMO       258
21    380829248  14327465          花园Serena       258
22      3985676    947866            扶桑大红花丶       247
23   1802011210  22758221      夏川玥玥Official       245
24    690804827  22545602        花满Official       245
25   1958703906  22894962            靡烟miya       237
26       780791   5561470            Mia米娅-       235
27    225347042   9162799       九重紫Official       226
28   1219196749  23303212         唐九夏还想再躺一下       223
29   1359949418  23224539            小小约yoo       223
30    476725595  21775601            西魔幽Yuu       223
31    434662713  21448649  NoWorld_Official       221
32   1875094289  22754458      小铃久绘Official       215
33       922573    251015          黑泽诺亚NOIR       214
34    399815233  21728563         烛灵儿Hikari       214
35   1243266187  22742508    林莉奈RinaHayashi       212
36     54191665   8643223       木糖纯Official       211
37   1734978373  22696954         小柔Channel       210
38   1484169431  23805029          雾深Girimi       208
39      2100679     56237            还有醒着的么       205
40       620903    870004        泰蕾莎Channel       204
41    690608698  23260993           瑞娅_Rhea       202
42       510047  22333522         伊万_iiivan       201
43    591892279  22889484              希月萌奈       192
44    623441612  22347054      椎名菜羽Official       192
45    631070414  22389206              折原露露       191
46   1376650682  22857429        葡冷尔子gagako       185
47   1641367203  24745250           新生代持剑少年       184
48     11416708  23348061              九奈猹猹       184
49    671538942  22571722           黎歌Neeko       184
50      8881297     55634        钉宫妮妮Ninico       182
51   2072717192  23969425            万拓普TOP       180
52        52522    850221               露蒂丝       178
53   1501380958  22746343        艾露露Ailurus       174
54     14897804   7953876           宴宁ccccc       170
55   1294678093  25166222          杜铂雷Dobre       167
56       163653    162180   尼奈nine_Official       167
57     13089665   1223832             橙子miu       166
58       610390     14893     乌拉の帝国Official       166
59   2006452883  24778741         路希维德Wiede       165
60    121487111   4585823               东野凹       165
61       518817   5169315                早凉       165
62       899804    411318          红晓音Akane       164
63   1570624336  25524451     MerryOfficial       163
64    393885664  22882574            诺可Noko       163
65    385281102  21749031         紗耶_sayako       161
66   1377212676  23945583       永恒娘Official       160
67   1383815813  23221095           吉诺儿kino       160
68   1202416628  24255210            眠特Mint       159
69     12939237    264788              有棵里里       158
70    480248442  22381346           北柚香Yuka       158
71    690608693  22778610          勾檀Mayumi       158
72     15641218    573893        帅比笙歌超可爱OvO       156
73   1296133469  23332935          路菲比Febee       151
74      5659864   2064239               鹿野灸       151
75   1461176910  23965761           量子少年-祥太       150
76    471460273  22195814           杜松子_Gin       150
77   1141334416  25155352      齐格鲁_Official       148
78       749499    915110          神咲乃希NOKi       148
79      1521415     81004       艾尔莎_Channel       148
80    477317922  21672023            弥希Miki       148
81    613345189  22344968          蛙吹Keroro       146
82     57871034  23246736               栀小朵       145
83   1942864208  24827493          卡萝尔Akuma       144
84     17661166  21925332       鈴木玲子_Suzuki       144
85      4718291   1155608         花见汐梨Yuuri       143
86    396316042  23199554   羽咲Rabi_Official       143
87    480432362  21685677               鈴宮鈴       143
88    321650277  24833274          凤小七seven       142
89      1612112   1321846        夏诺雅_shanoa       142
90     11253297    392523            多多poi丶       140
91   1544125954  24731569    Mysta_Official       139
92    372984197  14052636  夢乃栞Yumeno_Shiori       139
93    398655122  21713184               莫熙呐       138
94    109834414  24492364              井上鸢御       137
95     30507713    444084             小小小小玟       137
96      2341174    918717                池年       137
97   1265605287  25061813         麻尤米mayumi       133
98    484322035  21712406     AIChannel中国绊爱       133
99       731556     92450             綾音Aya       133
100   703018634  22605289         莱妮娅_Rynia       132
101      741520     33942        茶冷_Channel       132
102  1768094747  24153954               安纪亚       131
103   545530293  22563900            饭团喵にゃん       131
104      186463    337374              綾奈奈奈       129
105    81552504   3248270            原味奶介呀_       128
106  1950721001  24817507             天天Ame       128
107  1846208014  22864117        盖乃希亞Galaxy       128
108   697737710  23369901          蝶蝶Hikari       127
109    16510117    623698             机智大灯灯       127
110     1672978   1229484         宇宙无敌可爱二狗酱       126
111   283886865   9234980         说说Crystal       126
112  1816182565  22898905        珞璃Official       125
113    17794913   1033927             猫辞猫辞猫       125
114   593793031  23854724           泉鹅Izumi       124
115   509050400  21879412            雷柏磷ボリン       123
116   505183397  24143549          桃宝Momoko       122
117    28278764  23578004              织月黛黛       122
118   473513205  21611039          夏可可_Kero       122
119      607286    757349              i御十二       122
120  1584039005  24954295              星见汐娅       120
121  1308967115  23029299              鱼一YY       120
122     1743015     40195           星越Koshi       120
123  1355412269  23075997           随一Suiii       119
124    35231887    469803              星海玲奈       118
125   529341976  24334012            奶芙wuhu       117
126   410689349  22054199              仙女安_       117
127   434401868  21457197              中单光一       117
128   176135235  22880700       星野怜Official       116
129    13199099  21724277               植物椿       115
130      433307    818240            洛佩sama       115
131     6415072     43241              虚拟小萨       114
132   598716541  22712271           春小花sama       114
133   576858552  22323445           毬亚Maria       114
134  1553780731  23965951          许亦真_REAL       113
135   364728311  13802532     星蚀_Finsternis       112
136    47791562  22861834            赫拉Kris       112
137     2878144    708397        鹤祁_Tsuruki       112
138     1780645    540024    粉黛乱子Capillaris       112
139   230487728   6615406           嚼着软糖想昵称       112
140   567234492  22321043         玛安娜Myanna       111
141   515053790  22110436           椋笙栗Kuri       111
142   477342747  21672022         星弥Hoshimi       110
143   378606811  22341433              螃蟹那由       109
144  2049968320  23343237               夏卜卜       109
145    12497617   4788550             胡桃Usa       109
146     8558528   8726118           清濑冰ices       108
147      210628      5229          MKiiiiii       108
148   525105971  22067425       紫海由爱Channel       107
149  1543083238  24160882          纱箬sariel       107
150     3188835   1766019             叁仟院可奈       107
151  2126507529  23527503            蒂莉雅回家家       107
152     1750561   8721033               蜜球兔       107
153   292838396  12845193              鸢尾牙牙       107
154        7966    597450              花园花玲       107
155     5986897   6204892           绫月汐Shio       106
156  1878154667  23771139          沐霂是MUMU呀       106
157   589799673  22671467           艾妮娅Enia       106
158    13630808    362064               顾疚疚       106
159   690608690  23260932          恋诗夜Koxia       106
160   602724685  22300771         雷岁_Raisai       106
161   160450916   5293697          小风铃是只咕咕狐       106
162     7482932    197082               倾瓷v       106
163   257463461  11559434              小猫蛋卷       105
164      846180   3012597          喵田弥夜Miya       105
165     1697694    602283                蝶太       105
166     2093232    994304              轻叹ww       104
167     4447907   4076610           不想睡觉的洗洗       104
168  1155425566  23805066           希侑Kiyuu       104
169     5816642    790566        星谷樹_itsuki       104
170  1386545245  23667609     犬卷日鞠-官方WACTOR       104
171  2115139772  22877717        莉莉幽ririyuu       104
172   484660274  21706862       七咔拉CHikalar       104
173   194326389   6203304              兮子cc       104
174  1124440113  25604590              明夏珊海       103
175   437786939  21473201             keii萤       103
176  1069108539  23472646     小鸟游杏子Official       103
177   703068520  23296355          想不长肉的喵小泽       103
178    96264399  23129160        和水_nouille       103
179   503801557  23778409     猫姬琥珀_official       103
180  1734677911  23245990             酒菜禾子呀       103
181  1512788587  23388273           诺娅Sukie       103
182   573930836  22566228      咲间妮娜Official       103
183    12450452  22262300              人间蜜药       103
184      744713   2611014       雨宫水希Channel       103
185   618107325  22334596            阳阳不想熬夜       102
186   395865658  22454728             茅山张懋衍       102
187     6699767    713435               未未昭       102
188   193558681   5391723              激辣味噌       102
189   324884920  22320946               江壹纯       102
190     2240157   3471186               姬野青       102
191   551527845  22810269            迷柚_mio       102
192   686241472  22520319               团小哈       102
193   423902976  21603945         Minicatty       102
194   699327470  22578273             蜜汁粥粥_       102
195   107433129  15127652         FFF团炎系魔导师       101
196   358085156  14848063          魔法少年电池er       101
197  1795716989  24967779          阿鹤-Crane       101
198  1927037753  23261911            纱鱼sayu       101
199   282875499  22387734                衣娅       101
200  1025491703  23941099     塞拉菲娜_Serafina       100
201  1006140314  24921679     瀬兎一也_Official       100
202     1595005    450956            录音姬阿童木       100
203   421267475  21403601            艾因Eine       100
204  1819548520  24906576            桃酥Momo        99
205     9923775    925758               柯暮卿        97
206      795926  24022621   铭音MeIoN_2022稿期满        97
207  1394160176  23808442         纱音_Syanon        97
208  1570795034  24564657              咩也爷_        96
209  1809810330  24188245             摩亞Moi        96
210     2128310    399854             夕兔_H2        96
211    17511965  14343955            咦我的头发呢        96
212   313248263  10413051       宇佐紀ノノ_usagi        95
213      720964   1521498           你的可樱已上线        95
214   666726799  22470216             悠亚Yua        94
215   516678537  23300805             C叔小酒馆        93
216   558070433  22389319        千春_Chiharu        93
217  1011797664  24697117          卡缇娅也不知道鸭        92
218   652298653  23234552       餡蜜椿official        91
219   353361863  21514463            七濑Unia        90
220  1372936974  24441860   可妮Koni_Official        88
221    27231887   1496588             轩喵与砂奈        88
222      529249    282208             诺莺Nox        88
223     8760033  14846654              小司无常        88
224   316381099  15152878             鹿乃ちゃん        88
225     1524009    177152             砂纸大魔王        87
226    74186521  23726062            雨寂桑key        87
227   176528442  23086860              三宝iu        87
228   472848826  22404256           纱世_sayo        87
229      640283    806683             花洛栗栗子        87
230  1048861669  22700047         人形冬萌_Tomo        86
231  1658766768  22821718               午哞哞        86
232  2052064438  22824550            罗菈Rola        86
233    37756047   1352574       申岚_Official        85
234  1697848019  23490978           赤五教教主亮亮        84
235    58485079   2098875              温之九丶        84
236     7360754   5918387            南溟酱没有胖        84
237    25032753   5312656             果汁erR        84
238    11655582    924325                鵊鸣        83
239  2140412037  24485048               晨悠光        83
240     5482095     57437                碳鸽        83
241     2679304    874479           卦者那啥子靈風        83
242   690608714  23805078          狩砂Karisa        83
243   697652272  22569046                早穗        83
244  1070733875  23238218      怠惰V_official        82
245   416622817  21413565         步玎Pudding        82
246  1282271864  23459804            自由魂儿儿儿        78
247      234782    544625            祈Inory        78
248     9361427    905813               清則子        78
249   606293627  22625077         月兮Channel        78
250    16907771  23158413           雪虎Black        77
251   591843065  23587027         天海今天又懈怠了呢        77
252  1674274422  23098405            小语若mua        77
253   272705818  24399819           仓仓爱吃牛肉干        76
254  1678686361  24837306          Sandy睡醒了        76
255  1630494154  24715515            蔓Aoede        76
256   325907302  22404898            冬日不要酱子        76
257      425286    292397      巫贼_ikataruto        76
258  1518296186  23501664          莉奥拉Liala        75
259    12862137  21359166        鹤羽Official        75
260  2093872604  22976643           五条软yuki        75
261  2100944625  22700040       露珀塔_Ruperta        75
262   526225523  22290215                费可        74
263  1220317431  25290861              凜凜蝶凜        73
264      398431  24173090        塔蒂娜Tattina        73
265  1343252680  23582081            竹已Take        73
266    67246581  21711976        凉米饭Channel        73
267      317000     10545          adogsama        73
268  1660392980  23771189             恬豆发芽了        72
269  2064099563  24762598           茂Sigeru        72
270      334299     34587                零太        72
271   674839637  22537284                黎耶        72
272   602200741  22288644           瓦妮Vanee        72
273     5005968    866400             米白zzz        72
274  1315870194  23106228           芙拉_Fula        71
275     1401928    924973               火西肆        71
276   690608686  22605463            茉里Mari        71
277  1939568047  25100511              沧海月萌        70
278   698168210  23094410       画外灯official        70
279   690608709  23550749             尤格Yog        70
280    35565205   4375036               茭白柒        70
281  1926156228  22608112         希亚娜Ciyana        70
282    18075705   2757197               夜然z        69
283  1968342232  24538373            曲奇Aria        69
284    39952788   7619799        羽蝶酥酥今天被吃了嘛        69
285     3526739   1921106              绯叶明依        69
286  2007781080  22989215      天曰小雏Official        69
287  1030723991  22927644          瞳瞳要好好学炉石        69
288  1288036991  24411398           小惹Azure        68
289  1095803401  23710136         小春_Koharu        68
290  1802937912  24846830       Valentina蒂娜        67
291   394593891  23605152       黑岛麻由_online        67
292   397244810  22661866             偷偷Toi        67
293     3774410   1960179         樱饼饼Sakura        66
294   470085432  23128657       派萝喵Official        66
295  2119815078  23626594          安蒂维娜-克莱因        66
296   377042295  21594123              挽歌歌_        66
297   690608702  22778627       九十九_Tsukumo        66
298   477306079  21672024         真绯瑠mahiru        66
299  1132553462  24471858               烛宝哒        65
300    21693393    370468            幽灵车尔尼桑        65
301     4098782  22032167        星野綾乃Ayanya        65
302   181998984  10956073              果糖含量        65
303    11399495   4910271               鸽一品        64
304      649833     45940             茜茜甜兮兮        64
305    16217876   7768761          白夜小鸠Hato        64
306   664047468  22772718            莉姆丝OvO        64
307  2123631024  22865391     辻蓝佳音瑠_channel        64
308      744031  14009974        蝶蝶狐_Chouko        63
309      512480     29183            YUKIri        63
310   128912828   4767523             沙月ちゃん        63
311      117906     11306        阿伊蕾特Ayelet        62
312    12325132  22325853             奈一睡不醒        62
313  1273319763  23095176                璎绯        62
314   569192826  23084015       沙口酱official        62
315      545511     10360             速冻猫犊子        62
316   690608704  23017349           桃星Tocci        61
317    13908542  22251977       柊真华Official        61
318      839059    739818           妮特_Nito        61
319      264161    837039        ❀Sakulaˇ小舞        61
320  2042629175  24963677    范塞尼尔_VamSenior        60
321  1216158888  23784861            果奈suki        60
322     3802666    783445         Ask是Asuka        60
323    14350494   4215185       犬山奈奈Channel        60
324  1705007318  22920508    星ノ宮春鈴_Official        60
325    94363275  21710273        日向葵Channel        60
326    45336140   4346806              星野绵奈        59
327   303246676  10049827             栖苑太困辽        59
328   666726801  22470208            勺Shaun        59
329   690608691  22605464          千幽Chiyuu        59
330   599254182  23246975            冰淇柠QAQ        58
331   494850406  21990617      白银莉莉Official        58
332       29080  12576972           无前Namae        58
333   474593909  21622680           花玲Karin        58
334     5374546     57018                望神        58
335  1164975438  22809132            幽乜Yume        57
336    27554691   8816397        熊崽_BearRRR        57
337   441382432  21547904      小东人魚Official        57
338     9264492    681838     杰池莉尔-Succubus        56
339  1993395129  22967698        散華藍SankaAI        56
340   258875006   7202100         溯月Sotsuki        56
341    61639371  21484828     轴伊Joi_Channel        56
342     3328498   2416317             祁宝困兮兮        55
343    23100916  23148857        诺诺nono_nya        55
344   677797838  23392623           梦萝Sweet        54
345  1880355910  23520070              秋月盈儿        54
346      128552    283870   JimDez_Official        53
347    74617154   2996680          倪奈奈变欧亿点点        53
348     9736638   2206397              星野琳奈        53
349     2048677   1868279            米见Mita        53
350      249243   8688111    小豆沢あずきofficial        53
351     3149619   3822389   有栖Mana_Official        53
352     1344144     97558       免免_Official        52
353    49142760  22815234        咪诺今天也要元气满满        52
354      890735   2698402             Atom玲        52
355   487550002  21811136     猫芒ベル_Official        52
356    65568410   2516117        管珩心-中间的字念哼        52
357  1451797925  25148241               尹青依        51
358      597701   1375798         压刹channel        51
359   484451346  21706254         绚辻眠兔Minto        51
360  1042854135  23594422  ShizukouOfficial        51
361     8171802    753667       风吟蝶_Channel        51
362   267439469  22208948          柠檬今天练歌了吗        51
363  1420419918  22745778         浅井有纱Arisa        51
364     2239559  10877511  Mira恶魔米拉official        51
365   392505232  21224291    安堂いなり_official        51
366   399923919  23426285              姜南星_        50
367   180035670   5298167            皮卡少个丘w        50
368  1489377760  23017641          竹月芽Meiya        50
369  1340967709  23149132        花云凛_propro        50
370      487902   7595278           召唤师yami        50
371       91352   2853663      心羽萝妮Official        49
372   661461705  22487947      莉莉安_Official        49
373  1382719257  23517719    咸蛋黄饭团-official        49
374   688275304  22621413            Zoe_舟一        49
375    12945093    497517              冬雪沫沫        49
376    13158687   4339349           超绝卫星轨道炮        49
377  1810786106  24063763              千岛尤樱        48
378     3614240  21700355               御司司        48
379     2650919   3525213           凛-阿格里亚斯        48
380    36576761   6129586       诗小雅Official        48
381   558070436  22389323          清良Kiyora        48
382    26541399    360169          鹿子kanoco        48
383   689840611  22950737             蟹宝没有钳        47
384   650663945  22550560     诺拉Nora_Heitis        47
385      477007   3649650         Sawako碎花子        47
386  1899153123  22787192       芒崎小吉Channel        47
387     1516482     42270         白桃Shirako        47
388     1278545    175965        格蕾缇娅Gretia        47
389  1703797642  22966160       李豆沙_Channel        46
390    38271760  22682795        淩钰Official        46
391   692611676  22601447             井野川歌铃        46
392    12120515   2425420   尼奥喵Neil_Channel        46
393      278296   8641515               橘绘理        45
394   582225536  22286296             麦芽不甜_        45
395     9587722     79189       白猫黑子Yaaaaaa        45
396   286113280  21742155              望月希咏        45
397     8198901   6959050         染染_Ranoca        45
398      651649   3725076              特莉丝忒        45
399      168210   7478830          沧棂Soleil        45
400  1863644136  23240551            弦羽Hane        44
401    15225468  23389000      辛西娅_Cynthiaa        44
402  1263271233  22993378            铃伊_Rei        44
403  1085221011  22992633       尤娜_Official        44
404  1701192807  23900853               音离宝        43
405     1926687   1517135       猫川多多道-taku道        43
406    41461068   9618253       艾诺斯Official        43
407  2009235986  23093993         戌夜初Hajime        43
408   690608706  22605469      田野柴Tanoshiba        43
409   527004636  23138650        叶月_Hatsuki        42
410  1834090921  24849407          哟蔻桃桃YOCO        42
411     7591465    873642            里奈Rina        42
412     1583472     24125           鲸落落raku        41
413  1535525542  23905421           量子少年-泽一        41
414   233299554  23025519         麦乐桃_Molly        41
415      147688     35350              lvlv        41
416   387108043  15142311            莉姬LIJI        41
417   650573749  22506899          尤利娅Yulia        41
418    11137181   4109869        伊莎蓓尔Isabel        40
419  1533406766  24448785           请关注明夏珊海        40
420      863287   5224688        天雨Rainfall        40
421   157330863  22041958      神奈希_Official        40
422  1323227037  23252619         山椒阿露波Arpa        40
423   690608689  23260856          夜宫Yomiya        40
424    34423885   6485126            耳可Milo        40
425   571841213  22205953       三日暦Official        40
426  1004127267  23648738            芙蕾娅フレア        39
427     4365978    193520              一支橘猫        39
428  1757836012  23905403           量子少年-楚枫        39
429      826393     97687               叶洛洛        39
430   493885362  23195139          岚墨_Holic        39
431     8156542  23058813          芙蕾_Furei        39
432     3032688   6760154             -Yu酱-        39
433  1152597935  22720043             星宫魔琉瑠        38
434   410741448  21399689      Milky_Vtuber        38
435     4861197    311280        雾雨威Channel        38
436   135980509  21701071            永远永远酱w        38
437      394936   8725320  盐天使riel_official        38
438     6000336    550335       AirSAMAdesu        38
439    17907167  22843050          狸哩今天也是废狐        37
440  1723206278  23985703         希洛伊Shiroi        37
441    29488539    147488             这里是馍君        37
442   323774877  21732370           星陵Betty        37
443  1156637837  23085720             雪绘莉莉奈        37
444   441315555  22582590          神代祐希Yuki        37
445  1422451239  22715167             软萌布丁酱        37
446   442902274  21573665      紫桃爱音Official        37
447    26087398   1016818     猫屋敷梨梨Official        37
448    21374533   1221274         彼岸霜滢Eliro        37
449   412630000  21348897            亮_Sama        37
450     4911722  22074371     黑桐亚里亚Official        37
451    11300631   1313362          阿嗔Aurora        37
452   336442974  22845802           夜原没有小尾巴        36
453  1181247064  23615209           森川雪yuki        36
454    19986917  24343457              与枝老师        36
455  1405589619  23805059           希维Sybil        36
456  1803585918  23251345             千零莉露卡        36
457   676278201  23337608              -言如惑        36
458   359081808  13990730            季毅Jiyi        36
459   482911295  21712635   绮良kira_Official        36
460   476676325  21649962        米蕾優channel        36
461   118754720   4611671               雨街F        36
462   526071118  22233836           魔法少女真理酱        35
463     1352646     74571        米哦Official        35
464    16059520    452450     五彩呆鸟咩Official        35
465  1011812576  23370653              奈奈大芙        35
466   302199093  10000323             稚Yuki        35
467  1209958561  22807430               褚斐易        35
468  1241843977  22862504        御宅屋の鱼子酱o_O        34
469     4242014   9170973          满天星Hoshi        34
470    20966016  23722192        绫濑Official        34
471    43187576   1363311            _かがみ_镜        34
472  1220621189  22852903      东堂比乃Official        34
473   180485916   5998426           是姬拉Kira        34
474  1394476714  23113694        猫柠morning_        33
475   323905978  23417026       忧特若丝_Uterus        33
476    15998299   6529293                菜藏        33
477   690608687  22778596            蕾米Remi        33
478   472877684  21613356            惑姬Waku        33
479  1848290057  23404362            灯瑠hiru        32
480  1121411561  22935036                万灼        32
481  1677271465  23319833            尤酱睡饱饱w        32
482  1472906636  22727121            ywwuyi        32
483   623441609  22347045      凤玲天天Official        32
484   472845978  21613353            有加plus        31
485    15367591    892762               白银赖        31
486    75094637  23562312              尾巴困困        31
487      835644    735709        卡农_Channel        31
488   393457552  21785289              A梦酱吖        31
489   434563934  21449068         叶Official        30
490   628061724  22371829      神月萤_Official        29
491  1115540220  22973442          夏莉Sherry        29
492  1688076885  22865861               ねこれ        29
493   513273343  21920570           龙西Rinya        28
494     6716902   2371727          吉鲤yuriri        28
495    20875904   4315783         无家可归的流浪鲲鲲        27
496    13374691     60841            2000两千        27
497   499276043  23046619        沙利叶_Suriel        27
498    36996701   2447665            桂花酒酿元宵        27
499   688492564  22529153            婕婕才是姐姐        27
500     3063155   1259929            饭咩Meya        27
501     4718716   2303412               鱼鸽鸽        27
502   604738184  23390101         雷米尔Remiel        26
503    81534454  24003630              曲莓团子        26
504    23263470    972474               法里达        26
505   690608712  23550793             友夏Uka        26
506   663577831  22500194            幼薇喵nya        26
507     3301695    872551             电鸟个灯泡        25
508    92610220  24319484              你群离岛        25
509   529107543  23099155               fa漠        25
510    96975902  23680570           是悠姬Yuki        25
511      408696   5631165            浥昕sora        25
512     3084780    529718          空伶cherry        25
513      492862    566227      阳向心美Official        25
514   180247922   6116476         无趣Kirisaa        25
515  1285890335  24088644        海德薇Hedvika        24
516     8247516  24093696              花田田甜        24
517  1242456361  23069606      长月春雪_Channel        24
518   382819280  21643791        希希年今天喝奶茶了吗        24
519  1813355484  22830111              水月泉汐        24
520    26398020   7544221       异株湖Official        24
521   666726802  22470204            瑞芙Reve        23
522   473471546  22804803              稚气小染        23
523     1869304   6632844      孙有劲Sunyeojin        23
524     3570093   1589452              不举萌栗        23
525  1269309692  24169782            涅梨Neri        22
526  1968783589  22926711          茉吱Mojuko        22
527  1089059487  23089686      星奈铃-官方WACTOR        22
528  1468007004  23362558              望月理莎        21
529  1055615738  23245332           莉莉洁想吃点心        21
530  1731037094  23113220         月野木罗_kira        21
531   517746113  22055164           御剣莉亚-官方        21
532    35819875    515759            宋三岁sss        21
533  1914655751  24467094         爱宝Channel        20
534  1687861308  22695385              晓曦超甜        20
535   556027338  22757605        Yumi和烟璃の日常        20
536  2111566071  22874107            小禾mohu        20
537     6483727   3558274        小恶魔channel        20
538  1278321533  23786670            椰乃不是椰奶        19
539   442426299  21799389      琴吹夢_official        19
540    14493990    863065               韩未晞        19
541  1494451119  23065710               小馋狮        19
542     5106924     76326        桓信Official        19
543   436693674  22159299      早濑弥生Official        19
544   346381116  12624443              樱庭香草        18
545     8704649     41769      桐桐子_Official        18
546     7341215   1552519              你的迟叶        18
547  1094889067  23136093                雪理        18
548    15076745    364027              彩虹酱哇        18
549    24626465   6519380     半糖果茶_official        18
550    97340936   4012961       S1娘Official        18
551   471723540  21727410             一块电鹿板        18
552   431473020  21426806     初焰Hatsuhomura        18
553  1353739557  22718711        长绾raffaele        17
554   120279132  22598262      猫ゐ咲夜official        17
555   517060084  21970333       一颗芽Official        16
556     4763529     40529        幽灵事务所_XPEC        16
557     2120432    194054         暮笙Channel        16
558      515455    602744             奴良睡不醒        16
559    16518078    448395             莫奈睡不醒        15
560      214854    755940              山崎薰薰        15
561   474593911  21622688           _慕斯Muse        15
562   666726803  22470189      伊莎贝拉Official        15
563   474369808  21696957        度人Tabibito        15
564     4071581   1050301           小毛拔了个火罐        15
565   391614061  21300316           日月咪玉-官方        15
566   414827620  22257854                团奈        14
567   286914392  23193752                秋淩        14
568    44903085  14197798           安晴Ankii        14
569     2954058   7791548              阳口沙织        14
570     3303103    519052             机动型青空        14
571   541696090  22340341           早见咲Saki        14
572  1865791469  23625060         橙歌歌睡不醒OvO        13
573   340345723  23806497             阿雾睡不醒        13
574  1226750038  23141734              木熏熏吖        13
575   381439252  23031625            兰笛Saku        13
576   516481950  22453062              海杰HJ        13
577   421347849  21415012    白百合リリィOfficial        13
578  1468306600  23556311      皇白璐-官方WACTOR        12
579   522045311  22029628        柯柯Official        12
580   374017536  14239687          女巫Vivian        12
581  1411553322  24469153            侑萝Yoro        11
582   104602477  23913870           OoKami君        11
583  1086675151  23942393            言彦_SAY        11
584    11187227  12320762         铃月澪Azlier        11
585    11181582    100963              -流仙-        11
586    37502021   4536168             奇奇Qi7        11
587   430219038  21660284       希贝尔Official        11
588     1576121   4895312          帕里_Paryi        11
589   386900246  21304638      神楽七奈Official        11
590   420249427  21403609            琉绮Ruki        11
591      314993     58593    橘柠院Jny_砂糖橘Soda        11
592  1613609207  23931597     神本樱奈_Official        10
593       90873      5424              内德维德        10
594   489772340  21772091           阿尼_Arni        10
595     2141162   2885077  五十岚佳乃叶KNHChannel        10
596     1850809    298094            墨白siro         9
597     2523666  21110343             艾晓萌萌萌         9
598     4506529   5179685          Maru不是马茹         9
599  2123801125  23105517          星谷呜冬Udon         9
600   456749835  22782192      阳夏诺诺Official         9
601  1322881625  22705839             巫沐Umo         9
602    77817759  24334336       特蕾莎Theresa_         8
603  2059039611  23375836        梨茉在数羊_momo         8
604    19366645    473323              悅音幻絲         8
605    22765153     70808              那神银酱         8
606    21682845   6171178           犽犽是个小憨憨         8
607  1081765694  23208247            花梨梨爱鹅笑         7
608   237256572   7511203             折扇想睡觉         7
609    34237849  22802744               千代茨         7
610      165375  23146138           阿凌Ringo         7
611    13821638  23139505           舒听酒要努力呢         7
612  1658229747  22760722            柚叽Uchi         7
613    21025175  22895029             芝麻狐狐-         7
614    49563331  22860878              蚕弥哒哟         7
615   488970166  22030718            花谱_kaf         7
616      451793   6580433             一块薯饼呐         7
617    10030059   3858888              伊月猫凛         7
618   393595532  21157374         转生成骸骸子这档事         7
619   490331391  21763344           沙夜_Saya         7
620    14634764     37799               英短喵         7
621   364225566  14578426         战斗吧歌姬官方账号         7
622   500702858  22221841               周永烈         6
623  1357287708  24893910       胡锡子Official         6
624      542746    653547            丨Keepo         6
625   479193165  23683349         卡露比Karu8y         6
626   670473494  22478114             慕橙mmm         6
627  2132566155  23138488         帕米尔Pamirs         6
628  1780983970  23013064   Saku悠娜-official         6
629    47868246   2241806            戈洛Glow         6
630     1480838    759938    EricaZehnt_埃莉卡         6
631      461809    962983            一只皮皮熊呀         6
632      373263    709219         旺财Inukami         6
633   358695457  13576775       小虾鱼Official         6
634  1315573139  24087754         罗兹Blazing         5
635   651402196  23769635            今朝尘尽光生         5
636  1679938687  24122168               段段嗷         5
637  1330766232  24137142               冰兔w         5
638  1620923329  22622469      琳_千鸟Official         5
639  1821760400  22905754            阿珉amin         5
640        1398    562257      灵源道长Official         5
641    24892274  12276581               风沫语         5
642      269558    544624           pipi-萍萍         5
643     8119834  12770821              千草はな         5
644   628292881  22389314         卡欧斯_Chaos         5
645   327549355  11568967       七紫喵official         4
646   523133310  22663131       雅丽斯_Channel         4
647  2103954767  22846258          阿莳Komaki         4
648       37328    180696         卡欧莉_KaOri         4
649    27651919  23948328           栢岚Cx330         4
650  1434286779  23715321       二朵Akirakira         4
651    85297446   3331468            星奈viky         4
652    19462294   3777439               柠狐柃         4
653    21258448  11669208              西汐xi         4
654  1825301994  23118493       漪月灵-Aether-         4
655  1108865507  23071105             歌手艾七月         4
656  1147353799  23043489              神木潼潼         4
657   471226936  22039777               滑稽猿         4
658     3076830   1559211             账号已注销         4
659         693  22348429             赫卡Tia         4
660   558984017  22414924            自己的高仿号         4
661   524279657  22197280            猫小鹰Owl         4
662      199915    435048             空风Kuu         4
663     7961896   9591764            荔枝呀qwq         4
664     3022597   3668504             露馅eer         3
665  1723100461  24044804      琥珀玲_Official         3
666  2112973233  23075120          约修亚Yocia         3
667    49653129   1522963       stage1st宅社区         3
668  1472782154  23080567            瑠瑠帆るるほ         3
669    87429152   4917068             俗语不可说         3
670   495707763  22934515        只只Official         3
671   636674318  22908657    虚研社经纪人Official         3
672   431311100  21417013          月见_tsuki         3
673    12823143    290127    瑠璃川こはくofficial         3
674   473764233  21627536      田汐汐_Official         3
675   595407557  22359795         菜菜子Nanako         3
676   337827661  11575621        陆婉莹GodRiku         3
677      517601   1156041             账号已注销         3
678     4191585     18574              刹那仮想         2
679  1829633422  22930316       珂珞哲official         2
680     1769578   1539872           俊俊子会rap         2
681  1224180222  23852833           喵喵是只流浪喵         2
682   228167069  23023985             林黛玉ww         2
683  2097219437  23733603           灵灵乃reno         2
684   686960404  22587407         园子_Sonoko         2
685     1523623   3668335           紅やAkaya         2
686  1943950465  23609888     MONA-official         2
687   334537711  13747625     艾白_千鸟Official         2
688      383599     15949            高町丶薇维欧         2
689  1090010845  22622290    艾瑞思_千鸟Official         2
690    96230774  22564918              宅喵阿桃         2
691  2036015357  22776501        利泽特Lizette         2
692    66692456  22915135         诺莉尔Nolier         2
693   686665614  22845214           羽宙Uchuu         2
694   474856218  21981503            奈璐Naru         2
695  1617739681  22791567            立花遥はるか         2
696     1974326  22668828         Moririnnx         2
697   124025181  22386431       水龙敬Official         2
698    17059522   1495477           幻想乡的琉璃猫         2
699   476903292  21666922     佐久間ねむOfficial         2
700     9074616   3448101                元・         2
701   455916618  21571739            无理MURI         2
702      820535    718548          默磷Mayori         2
703     6055289    947447       高槻律official         2
704     1740548     26283        小伞一把Kokasa         2
705     4450868   1413570              八宝酱阿         2
706   276436402  22685598               难欲别         1
707  1332334128  23800880             飞絮小仙女         1
708  1891728206  22623163   Coco_千鸟Official         1
709  2108532315  23509601       林野星Official         1
710   480723986  22840221             苏苏酱鸭l         1
711  1462858376  23108224        如壹的全宇宙唯一小号         1
712  1824597784  23212019      米露提亚Official         1
713  1010093017  23173129         马太Mastest         1
714  1401208510  23008996             豆子Ayo         1
715    95334691   3821208              是沐釉哦         1
716   342566986  22918406       云螭月_Channel         1
717   332093364  22860013        汐音_Shione_         1
718  1589117610  23001181          朝海沫霓Moni         1
719  1910896691  23057716             账号已注销         1
720   429982753  22323231            四季折の羽_         1
721   646432928  22918711            路理Kuri         1
722  2143967328  22768399         纪代因果_Inga         1
723     6268594   3695068             鹿仔酸Q糖         1
724   496600848  22602225           甜梦少女卡莉酱         1
725     8363141  22242682             账号已注销         1
726      828468    727143          烛子_ikina         1
727   427061218  21618129          夜霧Yogiri         1
728   451066708  21602686       新科动漫Channel         1
729    32589074   4872086      草加陆人laiciffo         0
730   398046086  21230298           湘灵是只小狐狸         0
731   216905835  22906028             原神の兜兜         0
732   492762252  23903294               大船记         0
733     2308730   3570974       xxxXx_X_XX_         0
734  1899937919  23429625                嫣珑         0
735    94923804   9195983                恺゛         0
736  1996270842  23551913              炽琳11         0
737    11951064   1138328             被遗忘者1         0
738   416614876  23365188     米尔帕斯_official         0
739  1847726295  23376684          尾绒Aurora         0
740   486997652  22692115              水卜泡泡         0
741   479768577  23084763             苗苗Mio         0
742    14382057  21513354            爱德华EDS         0
743  2014624029  23363777            残暴樱桃小熊         0
744  1865862406  23250283          恋野萌萌momo         0
745   252597833  13854915           夏日限定菠萝猫         0
746   697964606  23107894            爱吃的萤火酱         0
747     2108977     47325               葱白君         0
748  2099635516  23229192          白床Perori         0
749  1552531961  23236287             黒霧にいろ         0
750       44469    744732    柩Kyuu_Official         0
751   550899722  23146219             鱼遥Yao         0
752   367295017  23320407             账号已注销         0
753   299211960  13381293         异世界的暮卡er_         0
754  1585320184  23319825             账号已注销         0
755   698094102  22573826            我不好说了捏         0
756     2139677  15161590            转生中-南川         0
757     5471378    481086            可以哦___         0
758   104980443  23096939         瞳official         0
759  1928217508  22943224            代号-202         0
760  1606577455  23190727      妙善公主Official         0
761  1583690517  23148607            纪律部南波兔         0
762  1994541396  23095291    库拉里罗滋-官方WACTOR         0
763  1237746158  23104974               小夜铃         0
764   389052735  22443116             鹿鹿西米鹿         0
765  1451827196  23133856             账号已注销         0
766     8063267   5291090           米米米M米花糖         0
767     1590297     17368               缱落铃         0
768    95286968   3923040          阿贞zzdrws         0
769  1315935808  23124800        绿绿official         0
770   304538761  14370788   世界猫Nia_Official         0
771    14874566   1210217              织诺红莲         0
772  1801375919  23104752             账号已注销         0
773   437073522  23064003          歌奈pigeon         0
774  1820277537  23101371             纱柚sau         0
775   436823223  23045312       茨少凌_Channel         0
776  1043321643  23084794       STOP0000011         0
777    83340815  14754466            极北的狸喵酱         0
778     7801382    291509               啊朔丶         0
779  1434788295  23012235       STOP0000012         0
780    39796923   5261059           程Rizwan         0
781   688898768  22531409             账号已注销         0
782   375370414  22213220           蜜汁de自信i         0
783   646658134  22888048         或许爆爆就是金克斯         0
784  1661076923  22821806         私Official         0
785   690608701  22778617          犬童Kendou         0
786     1359996    664481       南宫灯official         0
787   647575049  22553538     月见里朔良Official         0
788    11850816   1437304        VECTOR_维克特         0
789    32365653   2659281            慕瑶的花花哇         0
790   486618657  21720301      月兔华-WACTOR官方         0
791   247652554   9934974              网友小鸢         0
792   483419193  21776474      新月岚_Official         0
793  1103073471  22671791          小豆沢Azuki         0
794  1599316734  22667136         Nokooooo_         0
795    34019939   3820990           卡琪酱Taki         0
796   474593912  21622694      超V学园_白祁Seven         0
797   642588972  22409418      佐仓旬夏Official         0
798   442655565  21503113       芙栗希娅Felicia         0
799   436596837  21463227       家长麦Official         0
800   652240042  22485731   闪光Pika_Official         0
801    94928549  22485622    贝伦修坦因_official         0
802   625255764  22439372           新账号在置顶里         0
803    73544914  10666184           橘栗_July         0
804   471308347  21664698        寿寿歌_suzuka         0
805   389858027  21130785      百鬼绫目Official         0
806   624252710  22349494      狮白牡丹Official         0
807   370687588  22111428            花留Karu         0
808     2154078    614957           真的不是那个酱         0
809   474593910  21622687        超V学园_林伊Eli         0
810   354411419  21618138          希薇娅Civia         0
811   479965355  22210240   萝卜蘸酱_机萪Official         0
812   434341786  21452118             账号已注销         0
813   511613155  21908196          阿媂娅Artia         0
814   511613157  21908222        罗莎琳Rosalyn         0
815   511613156  21908209          朵莉丝Doris         0
816   491474048  21752681      天音彼方Official         0
817   456368455  21641569               黑桃影         0
818     7688959   9565979         爱吃瓜子的薇一er         0
819   332704117  11588230      白上吹雪Official         0
820   336731767  13946381       夏色祭Official         0
821       98181   4418655       菫妃奈Official         0
822   373493702  14110147             兰若_Re         0
823     2350845  21349375            咩咩咩咩呀咩         0
824   375504219  14917277     湊-阿库娅Official         0