            uid   room_id              name guard_num
0        198297    876396              冰糖IO     10925
1      18149131    704808    Overidea_China     10459
2     672353429  22632424            贝拉kira      7204
3     672328094  22637261           嘉然今天吃什么      1463
4     672346917  22625025             向晚大魔王      1286
5     351609538  22634198           珈乐Carol       699
0     434334701  21452505         七海Nana7mi      2241
1     480680646  21696950             阿萨Aza      1574
2    1588646945  25206807            巴老师的小号      1424
3     672342685  22625027           乃琳Queen      1414
4         45502  22650610         冥冥meichan      1408
5     402417817  22047448       星宮汐Official      1029
6     692283831  22571958     美波七海-official      1014
7        140378    958617              梦音茶糯      1006
8    1265680561  22603245              永雏塔菲       961
9    1601895109  25245573    shoto_official       960
10    401315430  22886883       星瞳_Official       767
11    349991143  12235923     神楽Mea_NHOTBOT       741
12      7706705     80397          阿梓从小就很可爱       696
13    401480763  21402309     眞白花音_Official       693
14    489146840  22301377       奈奈莉娅Channel       677
15    269415357   7688602            花花Haya       607
16       632960   1944820        切茜娅CheIsea       501
17       249118    363889         shourei小N       430
18    617459493  22384516                呜米       404
19    508963009  21919321       HiiroVTuber       400
20       282994     47377           泠鸢yousa       383
21     56748733  21756924           雪绘Yukie       370
22      3821157  21692711         东爱璃Lovely       359
23     14387072   6374209              小可学妹       337
24      1950658     41682               早稻叽       322
25   1096223397  22853788    白雪艾莉娅_Official       314
26       745493   8792912                咩栗       304
27    407106379  21396545     绯赤艾莉欧_NHOTBOT       261
28    473244363  22992234          蕾尔娜Leona       258
29    477332594  21652717         白神遥Haruka       245
30    504674421  23588360           零诺Reino       215
31   1838190318  24643640             魔狼咪莉娅       215
32      3035105   3415150            奈姬niki       204
33    697091119  22676119  猫雷NyaRu_Official       202
34      3046429    938957              祖娅纳惜       177
35      2299184   8725120      古守血遊official       170
36    434565011  21449083      物述有栖Official       133
37      5563350   4138602       小希小桃Channel       126
38    406805563  21320551       乙女音Official       124
39    441381282  21547895      花丸晴琉Official        97
40   1900434152  23105590       恋乃夜舞_propro        93
41      1473830   1485080       AIChannel官方        57
42   1370775553  22974318              -桃易-         3
43    667526012  22622535     文静_千鸟Official         1
44   2001283668  22642673    路星晨Morningstar         0
45      9034870    190577      星街彗星Official         0
0    1673137696  24731561  Luca_EN_Official       793
1    1660392980  23771189             恬豆发芽了       611
2        477792     24393               雪狐桑       570
3     698029620  22696653           兰音Reine       455
4    1734978373  22696954         小柔Channel       454
5      36081646   1546736               洛天依       425
6      43272050  21646457       穆小泠Official       410
7      14897804   7953876           宴宁ccccc       399
8       9066351  21737386            塔克Tako       349
9    2094031249  22748536             火羽ひのめ       340
10     18932485    437817             顾子韵_w       332
11    479633069  21677969          秋凛子Rinco       332
12    488836173  25411285       yoyo鹿鸣_Lumi       330
13   1643484295  22900071           岱川Doris       318
14    380829248  14327465          花园Serena       285
15    505183397  24143549          桃宝Momoko       279
16   1377212676  23945583       永恒娘Official       274
17   2006452883  24778741         路希维德Wiede       265
18     11431931    675014          ninnikuu       263
19       510047  22333522         伊万_iiivan       262
20   1501380958  22746343        艾露露Ailurus       260
21       518817   5169315                早凉       257
22     39267739   4316215       铃音_Official       253
23   1802011210  22758221      夏川玥玥Official       251
24    574317507  22210372         香取绮罗_kira       245
25      1612112   1321846        夏诺雅_shanoa       243
26       922573    251015          黑泽诺亚NOIR       239
27    441952268  22014628          五月织姬ctsu       232
28       780791   5561470            Mia米娅-       228
29      3985676    947866            扶桑大红花丶       222
30    698438232  22673512                扇宝       221
31    613345189  22344968          蛙吹Keroro       220
32    591892279  22889484              希月萌奈       219
33   1219196749  23303212         唐九夏还想再躺一下       215
34    421267475  21403601            艾因Eine       213
35    484322035  21712406     AIChannel中国绊爱       212
36   1243266187  22742508    林莉奈RinaHayashi       210
37      2100679     56237            还有醒着的么       210
38     54191665   8643223       木糖纯Official       209
39   1359949418  23224539            小小约yoo       206
40   1958703906  22894962            靡烟miya       205
41    399815233  21728563         烛灵儿Hikari       205
42     15641218    573893        帅比笙歌超可爱OvO       203
43   1875094289  22754458      小铃久绘Official       202
44    631070414  22389206              折原露露       195
45    480745939  21696953            罗伊_Roi       193
46      6783704    145277             酥幼妹妹わ       190
47      1697694    602283                蝶太       185
48    671538942  22571722           黎歌Neeko       184
49        52522    850221               露蒂丝       182
50       163653    162180   尼奈nine_Official       177
51    283886865   9234980         说说Crystal       176
52     13089665   1223832             橙子miu       174
53     51030552   1603600            星汐Seki       174
54       620903    870004        泰蕾莎Channel       174
55    434401868  21457197              中单光一       174
56   1856528671  23256987            陆鳐LuLu       171
57    107609241   6461515       VUP保护协会-青叶の       168
58       899804    411318          红晓音Akane       168
59      1521415     81004       艾尔莎_Channel       167
60    372984197  14052636  夢乃栞Yumeno_Shiori       165
61   1950721001  24817507             天天Ame       162
62     13630808    362064               顾疚疚       161
63     11253297    392523            多多poi丶       161
64      6747203   3428783       绫濑光Official       159
65       117906     11306        阿伊蕾特Ayelet       157
66   1484169431  23805029          雾深Girimi       157
67   1011797664  24697117          卡缇娅也不知道鸭       155
68     17661166  21925332       鈴木玲子_Suzuki       154
69     18075705   2757197               夜然z       152
70    313248263  10413051       宇佐紀ノノ_usagi       152
71    476725595  21775601            西魔幽Yuu       152
72   1294678093  25166222          杜铂雷Dobre       151
73    690608709  23550749             尤格Yog       150
74    690804827  22545602        花满Official       150
75      8881297     55634        钉宫妮妮Ninico       150
76    396316042  23199554   羽咲Rabi_Official       149
77     24957521   4726132            吃肉包的怂鼠       149
78      5659864   2064239               鹿野灸       149
79   1544125954  24731569    Mysta_Official       148
80   1461176910  23965761           量子少年-祥太       148
81   1437582453  22816111       東雪蓮Official       148
82    193558681   5391723              激辣味噌       147
83    690608714  23805078          狩砂Karisa       146
84    398655122  21713184               莫熙呐       146
85    477317922  21672023            弥希Miki       146
86   1942864208  24827493          卡萝尔Akuma       144
87    703018634  22605289         莱妮娅_Rynia       144
88   1376650682  22857429        葡冷尔子gagako       142
89    121487111   4585823               东野凹       139
90    471460273  22195814           杜松子_Gin       139
91      9923775    925758               柯暮卿       137
92     28278764  23578004              织月黛黛       137
93     37502021   4536168             奇奇Qi7       135
94   1768094747  24153954               安纪亚       133
95     57871034  23246736               栀小朵       132
96     16510117    623698             机智大灯灯       131
97     12939237    264788              有棵里里       130
98    623441612  22347054      椎名菜羽Official       130
99       186463    337374              綾奈奈奈       130
100  1089059487  23089686      星奈铃-官方WACTOR       127
101  1584039005  24954295              星见汐娅       126
102     4176573    870691            Akie秋绘       126
103      607286    757349              i御十二       125
104   593793031  23854724           泉鹅Izumi       124
105  1164975438  22809132            幽乜Yume       124
106        7966    597450              花园花玲       124
107    35231887    469803              星海玲奈       123
108  1155425566  23805066           希侑Kiyuu       123
109  1308967115  23029299              鱼一YY       123
110   181998984  10956073              果糖含量       123
111  2049968320  23343237               夏卜卜       122
112     2878144    708397        鹤祁_Tsuruki       122
113  1657906522  23696756              花雨春绘       121
114     3188835   1766019             叁仟院可奈       120
115    16907771  23158413           雪虎Black       120
116     2341174    918717                池年       120
117   473513205  21611039          夏可可_Kero       120
118  1220317431  25290861              凜凜蝶凜       119
119    30507713    444084             小小小小玟       119
120     7758230   1376191              亦之紫F       119
121     6699767    713435               未未昭       119
122      659401     19064                荀异       119
123   225347042   9162799       九重紫Official       119
124   480432362  21685677               鈴宮鈴       119
125   602724685  22300771         雷岁_Raisai       118
126    13199099  21724277               植物椿       117
127   509050400  21879412            雷柏磷ボリン       116
128   321650277  24833274          凤小七seven       115
129     5986897   6204892           绫月汐Shio       115
130    34815578  23116807          りんうらん霖雨蘭       115
131  1846208014  22864117        盖乃希亞Galaxy       115
132      610390     14893     乌拉の帝国Official       115
133   698168210  23094410       画外灯official       114
134   484660274  21706862       七咔拉CHikalar       114
135   699327470  22578273             蜜汁粥粥_       114
136  1355412269  23075997           随一Suiii       113
137  1802654492  23777594              七禾いえ       113
138  2126507529  23527503            蒂莉雅回家家       113
139  1734677911  23245990             酒菜禾子呀       113
140   576858552  22323445           毬亚Maria       113
141   525105971  22067425       紫海由爱Channel       112
142   545530293  22563900            饭团喵にゃん       112
143  1296133469  23332935          路菲比Febee       112
144   686241472  22520319               团小哈       112
145     2093232    994304              轻叹ww       111
146   529341976  24334012            奶芙wuhu       111
147  1202416628  24255210            眠特Mint       111
148      731556     92450             綾音Aya       111
149   690608693  22778610          勾檀Mayumi       111
150    17794913   1033927             猫辞猫辞猫       111
151   434662713  21448649  NoWorld_Official       111
152  1927037753  23261911            纱鱼sayu       110
153  2007781080  22989215      天曰小雏Official       110
154     1401928    924973               火西肆       110
155     1780645    540024    粉黛乱子Capillaris       110
156   618107325  22334596            阳阳不想熬夜       109
157    12862137  21359166        鹤羽Official       109
158   194326389   6203304              兮子cc       109
159  1141334416  25155352      齐格鲁_Official       108
160  1939568047  25100511              沧海月萌       108
161  1809810330  24188245             摩亞Moi       108
162     1723352   1788068          高貴与罪恶的红月       108
163    12450452  22262300              人间蜜药       108
164   282875499  22387734                衣娅       108
165    11655582    924325                鵊鸣       106
166   410689349  22054199              仙女安_       106
167      749499    915110          神咲乃希NOKi       105
168   697737710  23369901          蝶蝶Hikari       105
169    58485079   2098875              温之九丶       105
170   703068520  23296355          想不长肉的喵小泽       104
171  1816182565  22898905        珞璃Official       104
172   292838396  12845193              鸢尾牙牙       104
173    12497617   4788550             胡桃Usa       104
174    37756047   1352574       申岚_Official       103
175   324884920  22320946               江壹纯       103
176  1394160176  23808442         纱音_Syanon       103
177  1383815813  23221095           吉诺儿kino       103
178   589799673  22671467           艾妮娅Enia       102
179     2240157   3471186               姬野青       102
180  2115139772  22877717        莉莉幽ririyuu       102
181   393885664  22882574            诺可Noko       102
182   416622817  21413565         步玎Pudding       102
183   558070433  22389319        千春_Chiharu       102
184      744713   2611014       雨宫水希Channel       102
185   109564538  23631708       夜雨_Official       101
186  1282271864  23459804            自由魂儿儿儿       101
187   176528442  23086860              三宝iu       101
188   503026492  22696219           七个喵Nana       101
189  2052064438  22824550            罗菈Rola       101
190  1069108539  23472646     小鸟游杏子Official       100
191  1802937912  24846830       Valentina蒂娜       100
192  1006140314  24921679     瀬兎一也_Official       100
193     4718291   1155608         花见汐梨Yuuri       100
194  1048861669  22700047         人形冬萌_Tomo       100
195  1386545245  23667609     犬卷日鞠-官方WACTOR       100
196      720964   1521498           你的可樱已上线       100
197    17511965  14343955            咦我的头发呢       100
198    96264399  23129160        和水_nouille        98
199   551527845  22810269            迷柚_mio        98
200  1795716989  24967779          阿鹤-Crane        97
201    11399495   4910271               鸽一品        97
202  1543083238  24160882          纱箬sariel        97
203   353361863  21514463            七濑Unia        97
204   689840611  22950737             蟹宝没有钳        96
205     4447907   4076610           不想睡觉的洗洗        96
206   477342747  21672022         星弥Hoshimi        96
207    25032753   5312656             果汁erR        95
208     8760033  14846654              小司无常        95
209  1819548520  24906576            桃酥Momo        94
210   272705818  24399819           仓仓爱吃牛肉干        93
211   702411002  23351434               怦怦梨        93
212  1678686361  24837306          Sandy睡醒了        92
213  1570795034  24564657              咩也爷_        92
214   109834414  24492364              井上鸢御        91
215   503801557  23778409     猫姬琥珀_official        91
216  1697848019  23490978           赤五教教主亮亮        91
217     1750561   8721033               蜜球兔        91
218   423902976  21603945         Minicatty        91
219   652298653  23234552       餡蜜椿official        90
220    11771366   1114551           莉夏Lecia        90
221      210628      5229          MKiiiiii        90
222    11012265    287083            阿璃_Ali        90
223     1363457   1487005           米团团Miho        89
224  1993395129  22967698        散華藍SankaAI        89
225  1230039261  23905374           量子少年-慕宇        89
226      264161    837039        ❀Sakulaˇ小舞        89
227   472848826  22404256           纱世_sayo        88
228   599254182  23246975            冰淇柠QAQ        87
229  1968783589  22926711          茉吱Mojuko        87
230      741520     33942        茶冷_Channel        84
231   316381099  15152878             鹿乃ちゃん        84
232   394593891  23605152       黑岛麻由_online        83
233  1680646141  23116434         连理今天也好可爱嗷        83
234   697652272  22569046                早穗        83
235  1315870194  23106228           芙拉_Fula        82
236  1533406766  24448785              明夏珊海        81
237     5482095     57437                碳鸽        81
238  1674274422  23098405            小语若mua        81
239      317000     10545          adogsama        81
240    75937648  21725187         子花酱Hanako        80
241   664047468  22772718            莉姆丝OvO        80
242   516678537  23300805             C叔小酒馆        80
243    67246581  21711976        凉米饭Channel        80
244   160450916   5293697          小风铃是只咕咕狐        80
245  2064099563  24762598           茂Sigeru        79
246  1343252680  23582081            竹已Take        78
247   230487728   6615406           嚼着软糖想昵称        78
248    12325132  22325853             奈一睡不醒        77
249  2140412037  24485048               晨悠光        77
250   602200741  22288644           瓦妮Vanee        77
251  1451797925  25148241               尹青依        76
252   410124536  21368856             阿黛不太呆        76
253      234782    544625            祈Inory        75
254  1880188304  23797026     樱咲奈央_Official        75
255       29080  12576972           无前Namae        75
256  1512788587  23388273           诺娅Sukie        75
257      425286    292397      巫贼_ikataruto        75
258     7482932    197082               倾瓷v        75
259    39952788   7619799        羽蝶酥酥今天被吃了嘛        74
260  1630494154  24715515            蔓Aoede        73
261     1595005    450956            录音姬阿童木        73
262   470085432  23128657       派萝喵Official        73
263      529249    282208             诺莺Nox        73
264   606293627  22625077         月兮Channel        73
265   666726801  22470208            勺Shaun        73
266     5005968    866400             米白zzz        73
267   526225523  22290215                费可        73
268     1743015     40195           星越Koshi        73
269    11416708  23348061              九奈猹猹        72
270     1278545    175965        格蕾缇娅Gretia        72
271    27231887   1496588             轩喵与砂奈        71
272  1095803401  23710136         小春_Koharu        71
273   258875006   7202100         溯月Sotsuki        71
274  2009235986  23093993         戌夜初Hajime        71
275     9361427    905813               清則子        71
276  1288036991  24411398           小惹Azure        70
277  1518296186  23501664          莉奥拉Liala        70
278   591843065  23587027         天海今天又懈怠了呢        70
279  1112031857  22924075           薇Steria        70
280   325907302  22404898            冬日不要酱子        70
281   397244810  22661866             偷偷Toi        70
282  1132553462  24471858               烛宝哒        69
283    35565205   4375036               茭白柒        69
284  1216158888  23784861            果奈suki        68
285  2119815078  23626594          安蒂维娜-克莱因        68
286    27554691   8816397        熊崽_BearRRR        68
287      545511     10360             速冻猫犊子        68
288     2679304    874479           卦者那啥子靈風        67
289     3526739   1921106              绯叶明依        67
290   674839637  22537284                黎耶        67
291    14350494   4215185       犬山奈奈Channel        67
292  1926156228  22608112         希亚娜Ciyana        67
293   690608704  23017349           桃星Tocci        66
294   527004636  23138650        叶月_Hatsuki        65
295   400421892  22839866         惠惠_Megumi        65
296   690608686  22605463            茉里Mari        65
297      640283    806683             花洛栗栗子        65
298      512480     29183            YUKIri        65
299   477306079  21672024         真绯瑠mahiru        65
300   485558969  21716679              乔依姑娘        65
301   441315555  22582590          神代祐希Yuki        64
302     9736638   2206397              星野琳奈        64
303     2128310    399854             夕兔_H2        64
304   385281102  21749031         紗耶_sayako        64
305     1583472     24125           鲸落落raku        63
306  1372936974  24441860   可妮Koni_Official        63
307    14405936    331747          必不可能鸽的青璃        63
308  1042854135  23594422  ShizukouOfficial        63
309     2650919   3525213           凛-阿格里亚斯        63
310  2123631024  22865391     辻蓝佳音瑠_channel        63
311      649833     45940             茜茜甜兮兮        62
312  2093872604  22976643           五条软yuki        62
313   303246676  10049827             栖苑太困辽        62
314   569192826  23084015       沙口酱official        62
315    21374533   1221274         彼岸霜滢Eliro        62
316    23100916  23148857        诺诺nono_nya        61
317     8171802    753667       风吟蝶_Channel        61
318     5816642    790566        星谷樹_itsuki        61
319  1273319763  23095176                璎绯        61
320  1209958561  22807430               褚斐易        61
321  1705007318  22920508    星ノ宮春鈴_Official        61
322     2239559  10877511  Mira恶魔米拉official        61
323     3149619   3822389   有栖Mana_Official        61
324  2042629175  24963677    范塞尼尔_VamSenior        60
325   480248442  22381346           北柚香Yuka        60
326     5870649   2052325            玫瑰先生LS        60
327     9264492    681838     杰池莉尔-Succubus        59
328    74617154   2996680          倪奈奈变欧亿点点        59
329    61639371  21484828     轴伊Joi_Channel        59
330  1422451239  22715167             软萌布丁酱        59
331    47791562  22861834            赫拉Kris        59
332   690608691  22605464          千幽Chiyuu        59
333   571841213  22205953       三日暦Official        59
334     5374546     57018                望神        59
335     3774410   1960179         樱饼饼Sakura        58
336      334299     34587                零太        58
337   474593909  21622680           花玲Karin        58
338   399923919  23426285              姜南星_        57
339   395865658  22454728             茅山张懋衍        57
340  1878154667  23771139          沐霂是MUMU呀        57
341    16059520    452450     五彩呆鸟咩Official        57
342  1030723991  22927644          瞳瞳要好好学炉石        57
343      323153    609304            小豆芽安雪璃        57
344      839059    739818           妮特_Nito        57
345   128912828   4767523             沙月ちゃん        57
346  1810786106  24063763              千岛尤樱        56
347     1344144     97558       免免_Official        56
348   494850406  21990617      白银莉莉Official        56
349   217922247  21296254              筑雨未晴        56
350  1658766768  22821718               午哞哞        56
351      249243   8688111    小豆沢あずきofficial        56
352    13908542  22251977       柊真华Official        56
353   180035670   5298167            皮卡少个丘w        55
354     1352646     74571        米哦Official        55
355     7723009  21356899          这碗鱼Katie        55
356     4763529     40529        幽灵事务所_XPEC        55
357    94363275  21710273        日向葵Channel        55
358      487902   7595278           召唤师yami        55
359    26541399    360169          鹿子kanoco        55
360   392505232  21224291    安堂いなり_official        55
361  1863644136  23240551            弦羽Hane        54
362    16217876   7768761          白夜小鸠Hato        54
363  1880355910  23520070              秋月盈儿        54
364   690608690  23260932          恋诗夜Koxia        54
365  1070733875  23238218      怠惰V_official        54
366   661461705  22487947      莉莉安_Official        53
367   377042295  21594123              挽歌歌_        53
368   690608702  22778627       九十九_Tsukumo        53
369    96038238   4006440            一只帅仆桑呐        53
370   487550002  21811136     猫芒ベル_Official        53
371    11137181   4109869        伊莎蓓尔Isabel        52
372   677797838  23392623           梦萝Sweet        52
373     4365978    193520              一支橘猫        52
374      477007   3649650         Sawako碎花子        52
375      835644    735709        卡农_Channel        52
376    34423885   6485126            耳可Milo        52
377   513273343  21920570           龙西Rinya        52
378      846180   3012597          喵田弥夜Miya        52
379    25487242   5389469              兮兮兮唐        52
380       91352   2853663      心羽萝妮Official        51
381     8558528   8726118           清濑冰ices        51
382      278296   8641515               橘绘理        51
383      597701   1375798         压刹channel        51
384    41461068   9618253       艾诺斯Official        51
385  1553780731  23965951          许亦真_REAL        51
386     4098782  22032167        星野綾乃Ayanya        51
387    15225468  23389000      辛西娅_Cynthiaa        51
388    12945093    497517              冬雪沫沫        51
389   692611676  22601447             井野川歌铃        51
390      398431  24173090        塔蒂娜Tattina        50
391      128552    283870   JimDez_Official        50
392     3614240  21700355               御司司        50
393   484451346  21706254         绚辻眠兔Minto        50
394     7591465    873642            里奈Rina        50
395   286113280  21742155              望月希咏        50
396  1968342232  24538373            曲奇Aria        49
397      795926  24022621   铭音MeIoN_2022稿期满        49
398   157330863  22041958      神奈希_Official        49
399    49142760  22815234        咪诺今天也要元气满满        49
400  1899153123  22787192       芒崎小吉Channel        49
401   690608694  22605466             伊深Imi        49
402   582225536  22286296             麦芽不甜_        48
403   493885362  23195139          岚墨_Holic        48
404   476676325  21649962        米蕾優channel        48
405    21693393    370468            幽灵车尔尼桑        47
406  1121411561  22935036                万灼        47
407  1263271233  22993378            铃伊_Rei        47
408      168210   7478830          沧棂Soleil        47
409   323774877  21732370           星陵Betty        46
410    13158687   4339349           超绝卫星轨道炮        46
411     3328498   2416317             祁宝困兮兮        45
412   529107543  23099155               fa漠        45
413  1489377760  23017641          竹月芽Meiya        45
414   302199093  10000323             稚Yuki        45
415    38271760  22682795        淩钰Official        45
416   690608706  22605469      田野柴Tanoshiba        45
417     5106924     76326        桓信Official        44
418   690608687  22778596            蕾米Remi        44
419   482911295  21712635   绮良kira_Official        44
420   387108043  15142311            莉姬LIJI        44
421  1152597935  22720043             星宫魔琉瑠        43
422   323905978  23417026       忧特若丝_Uterus        43
423    44903085  14197798           安晴Ankii        43
424   267439469  22208948          柠檬今天练歌了吗        43
425     8198901   6959050         染染_Ranoca        43
426      147688     35350              lvlv        43
427  1004127267  23648738            芙蕾娅フレア        42
428   341688520  23442130       小无濑紫_violet        42
429     1516482     42270         白桃Shirako        42
430   472845978  21613353            有加plus        41
431      863287   5224688        天雨Rainfall        41
432  1323227037  23252619         山椒阿露波Arpa        41
433      826393     97687               叶洛洛        41
434   359081808  13990730            季毅Jiyi        41
435   412630000  21348897            亮_Sama        41
436    36576761   6129586       诗小雅Official        41
437   650573749  22506899          尤利娅Yulia        41
438      394936   8725320  盐天使riel_official        41
439    65568410   2516117        管珩心-中间的字念哼        41
440    17907167  22843050          狸哩今天也是废狐        40
441     1926687   1517135       猫川多多道-taku道        40
442  1156637837  23085720             雪绘莉莉奈        40
443   472056419  21596963            阿暖暖OwO        40
444  1834090921  24849407          哟蔻桃桃YOCO        39
445   604738184  23390101         雷米尔Remiel        39
446   336442974  22845802           夜原没有小尾巴        39
447  1181247064  23615209           森川雪yuki        39
448  1703797642  22966160       李豆沙_Channel        39
449  1269309692  24169782            涅梨Neri        39
450    29488539    147488             这里是馍君        39
451     4242014   9170973          满天星Hoshi        39
452   676278201  23337608              -言如惑        39
453  1813355484  22830111              水月泉汐        39
454   472877684  21613356            惑姬Waku        39
455     6716902   2371727          吉鲤yuriri        39
456  1723206278  23985703         希洛伊Shiroi        38
457  1382719257  23517719    咸蛋黄饭团-official        38
458  1535525542  23905421           量子少年-泽一        38
459  1340967709  23149132        花云凛_propro        38
460  1420419918  22745778         浅井有纱Arisa        38
461     2048677   1868279            米见Mita        38
462   442902274  21573665      紫桃爱音Official        38
463  2100944625  22700040       露珀塔_Ruperta        38
464   118754720   4611671               雨街F        38
465   441382432  21547904      小东人魚Official        38
466   410741448  21399689      Milky_Vtuber        37
467    26087398   1016818     猫屋敷梨梨Official        37
468     4911722  22074371     黑桐亚里亚Official        37
469     6000336    550335       AirSAMAdesu        37
470  1701192807  23900853               音离宝        36
471  1394476714  23113694        猫柠morning_        36
472  1803585918  23251345             千零莉露卡        36
473      744031  14009974        蝶蝶狐_Chouko        36
474   180485916   5998426           是姬拉Kira        35
475   135980509  21701071            永远永远酱w        35
476  1688076885  22865861               ねこれ        34
477    75094637  23562312              尾巴困困        34
478  1011812576  23370653              奈奈大芙        34
479  1220621189  22852903      东堂比乃Official        34
480    12120515   2425420   尼奥喵Neil_Channel        34
481    19986917  24343457              与枝老师        33
482    15367591    892762               白银赖        33
483   499276043  23046619        沙利叶_Suriel        33
484      651649   3725076              特莉丝忒        33
485  1472906636  22727121            ywwuyi        33
486   525978277  22078423               千亿呀        33
487     3032688   6760154             -Yu酱-        33
488   434563934  21449068         叶Official        33
489  1848290057  23404362            灯瑠hiru        32
490  1085221011  22992633       尤娜_Official        32
491  1468007004  23362558              望月理莎        31
492   346381116  12624443              樱庭香草        31
493  1757836012  23905403           量子少年-楚枫        31
494    20966016  23722192        绫濑Official        31
495    43187576   1363311            _かがみ_镜        31
496     4861197    311280        雾雨威Channel        31
497   628061724  22371829      神月萤_Official        30
498   688492564  22529153            婕婕才是姐姐        30
499   180247922   6116476         无趣Kirisaa        30
500   650663945  22550560     诺拉Nora_Heitis        29
501  1278321533  23786670            椰乃不是椰奶        29
502   556027338  22757605        Yumi和烟璃の日常        29
503   438848253  21545805            盲盲Memo        29
504  1677271465  23319833            尤酱睡饱饱w        28
505   690608689  23260856          夜宫Yomiya        28
506   393457552  21785289              A梦酱吖        28
507   663577831  22500194            幼薇喵nya        28
508     4718716   2303412               鱼鸽鸽        28
509       88687    449396              w丘丘w        27
510    20875904   4315783         无家可归的流浪鲲鲲        27
511   526071118  22233836           魔法少女真理酱        27
512   688275304  22621413            Zoe_舟一        27
513      492862    566227      阳向心美Official        27
514  1285890335  24088644        海德薇Hedvika        26
515  1242456361  23069606      长月春雪_Channel        26
516    26398020   7544221       异株湖Official        26
517     3084780    529718          空伶cherry        26
518     3301695    872551             电鸟个灯泡        25
519    12070947    944614            见风kaze        25
520      408696   5631165            浥昕sora        25
521    36996701   2447665            桂花酒酿元宵        25
522    81534454  24003630              曲莓团子        24
523  1055615738  23245332           莉莉洁想吃点心        24
524    96975902  23680570           是悠姬Yuki        24
525   474593911  21622688           _慕斯Muse        24
526   690608712  23550793             友夏Uka        23
527    13821638  23139505           舒听酒要努力呢        23
528   272983835   8043184          魔法少女喵月月酱        23
529    15076745    364027              彩虹酱哇        23
530  2111566071  22874107            小禾mohu        23
531   474369808  21696957        度人Tabibito        23
532     6483727   3558274        小恶魔channel        23
533   273245608   8857387        苏宇能有什么坏心思呢        23
534   666726802  22470204            瑞芙Reve        22
535     8247516  24093696              花田田甜        22
536     8156542  23058813          芙蕾_Furei        22
537   350832135  14694991          路人AAAAAS        22
538     3063155   1259929            饭咩Meya        22
539  1687861308  22695385              晓曦超甜        21
540  1914655751  24467094         爱宝Channel        20
541    92610220  24319484              你群离岛        20
542  1405589619  23805059           希维Sybil        20
543   517060084  21970333       一颗芽Official        20
544  1353739557  22718711            长绾不是御姐        20
545    97340936   4012961       S1娘Official        20
546   516481950  22453062              海杰HJ        20
547   442426299  21799389      琴吹夢_official        19
548     1869304   6632844      孙有劲Sunyeojin        19
549   436693674  22159299      早濑弥生Official        19
550   324607600  11771685           翎洛Likeu        19
551  1731037094  23113220         月野木罗_kira        18
552    35819875    515759            宋三岁sss        18
553   421347849  21415012    白百合リリィOfficial        18
554  1494451119  23065710               小馋狮        17
555   517746113  22055164           御剣莉亚-官方        17
556   623441609  22347045      凤玲天天Official        17
557   431473020  21426806     初焰Hatsuhomura        17
558  1411553322  24469153            侑萝Yoro        16
559   414827620  22257854                团奈        16
560   286914392  23193752                秋淩        16
561     3303103    519052             机动型青空        16
562   120279132  22598262      猫ゐ咲夜official        16
563   541696090  22340341           早见咲Saki        16
564     3570093   1589452              不举萌栗        16
565     4071581   1050301           小毛拔了个火罐        15
566      214854    755940              山崎薰薰        14
567  1468306600  23556311      皇白璐-官方WACTOR        14
568  1865791469  23625060         橙歌歌睡不醒OvO        14
569   522045311  22029628        柯柯Official        14
570  1094889067  23136093                雪理        14
571   381439252  23031625            兰笛Saku        14
572  1322881625  22705839             巫沐Umo        14
573   391614061  21300316           日月咪玉-官方        14
574     8704649     41769      桐桐子_Official        13
575   489772340  21772091           阿尼_Arni        13
576    22765153     70808              那神银酱        13
577   386900246  21304638      神楽七奈Official        13
578   420249427  21403609            琉绮Ruki        13
579  1613609207  23931597     神本樱奈_Official        12
580   340345723  23806497             阿雾睡不醒        12
581   479193165  23683349         卡露比Karu8y        12
582    11187227  12320762         铃月澪Azlier        12
583   374017536  14239687          女巫Vivian        12
584    21682845   6171178           犽犽是个小憨憨        12
585  1357287708  24893910       胡锡子Official        11
586   104602477  23913870           OoKami君        11
587    96230774  22564918              宅喵阿桃        11
588  2123801125  23105517          星谷呜冬Udon        11
589   393595532  21157374         转生成骸骸子这档事        11
590     1576121   4895312          帕里_Paryi        11
591      314993     58593    橘柠院Jny_砂糖橘Soda        11
592    20411054   4491661            逍遥不逍遥-        10
593     2523666  21110343             艾晓萌萌萌        10
594     4506529   5179685          Maru不是马茹        10
595    77817759  24334336       特蕾莎Theresa_        10
596      165375  23146138           阿凌Ringo        10
597    10030059   3858888              伊月猫凛        10
598   490331391  21763344           沙夜_Saya        10
599   364225566  14578426         战斗吧歌姬官方账号        10
600     1850809    298094            墨白siro         9
601  1086675151  23942393            言彦_SAY         9
602    21258448  11669208              西汐xi         9
603  1658229747  22760722            柚叽Uchi         9
604   456749835  22782192      阳夏诺诺Official         9
605      515455    602744             奴良睡不醒         9
606    14634764     37799               英短喵         9
607     2652312   6866925           不爱画画的七口         8
608      542746    653547       sweet-Keepo         8
609  1315573139  24087754         罗兹Blazing         8
610   651402196  23769635            今朝尘尽光生         8
611  2059039611  23375836        梨茉在数羊_momo         8
612    21025175  22895029             芝麻狐狐-         8
613    49563331  22860878              蚕弥哒哟         8
614      461809    962983            一只皮皮熊呀         8
615      373263    709219         旺财Inukami         8
616  1679938687  24122168               段段嗷         7
617  1723100461  24044804      琥珀玲_Official         7
618  1821760400  22905754            阿珉amin         7
619  1081765694  23208247            花梨梨爱鹅笑         7
620   237256572   7511203             折扇想睡觉         7
621    34237849  22802744  bili_54896247963         7
622    47868246   2241806            戈洛Glow         7
623      269558    544624           pipi-萍萍         7
624     8119834  12770821              千草はな         7
625      199915    435048             空风Kuu         7
626    29565751  13397917            是你清晨的粥         7
627   670473494  22478114             慕橙mmm         6
628    11181582    100963              -流仙-         6
629  1010093017  23173129         马太Mastest         6
630   430219038  21660284       希贝尔Official         6
631   488970166  22030718            花谱_kaf         6
632     1480838    759938    EricaZehnt_埃莉卡         6
633    13736797    276080           曼曼是只兔子猪         5
634  1330766232  24137142               冰兔w         5
635   378606811  22341433              螃蟹那由         5
636  1620923329  22622469      琳_千鸟Official         5
637  1434286779  23715321       二朵Akirakira         5
638   334537711  13747625     艾白_千鸟Official         5
639  1825301994  23118493       漪月灵-Aether-         5
640    49653129   1522963       stage1st宅社区         5
641        1398    562257      灵源道长Official         5
642    24892274  12276581               风沫语         5
643   471226936  22039777               滑稽猿         5
644     3076830   1559211             账号已注销         5
645   628292881  22389314         卡欧斯_Chaos         5
646     7961896   9591764            荔枝呀qwq         5
647   358695457  13576775       小虾鱼Official         5
648   327549355  11568967       七紫喵official         4
649     3022597   3668504             露馅eer         4
650   523133310  22663131       雅丽斯_Channel         4
651  2103954767  22846258          阿莳Komaki         4
652    13374691     60841            2000两千         4
653       37328    180696         卡欧莉_KaOri         4
654   228167069  23023985             林黛玉ww         4
655    27651919  23948328           栢岚Cx330         4
656       90873      5424              内德维德         4
657  1943950465  23609888     MONA-official         4
658   628835970  23152492           社长今天有点困         4
659     2141162   2885077  五十岚佳乃叶KNHChannel         4
660  1108865507  23071105             歌手艾七月         4
661   473764233  21627536      田汐汐_Official         4
662         693  22348429             赫卡Tia         4
663   558984017  22414924            自己的高仿号         4
664   524279657  22197280            猫小鹰Owl         4
665     1769578   1539872           俊俊子会rap         3
666   686960404  22587407         园子_Sonoko         3
667      383599     15949            高町丶薇维欧         3
668  1090010845  22622290    艾瑞思_千鸟Official         3
669  2112973233  23075120          约修亚Yocia         3
670    87429152   4917068             俗语不可说         3
671   495707763  22934515        只只Official         3
672   431311100  21417013          月见_tsuki         3
673    12823143    290127    瑠璃川こはくofficial         3
674   337827661  11575621        陆婉莹GodRiku         3
675      517601   1156041             账号已注销         3
676     4191585     18574              刹那仮想         2
677  1829633422  22930316       珂珞哲official         2
678  1224180222  23852833           喵喵是只流浪喵         2
679    33082505   2527112               夜神槑         2
680  1332334128  23800880             飞絮小仙女         2
681  1891728206  22623163   Coco_千鸟Official         2
682  2097219437  23733603           灵灵乃reno         2
683  2036015357  22776501        利泽特Lizette         2
684    66692456  22915135         诺莉尔Nolier         2
685  1472782154  23080567            瑠瑠帆るるほ         2
686  1147353799  23043489              神木潼潼         2
687   686665614  22845214           羽宙Uchuu         2
688   474856218  21981503            奈璐Naru         2
689  1617739681  22791567            立花遥はるか         2
690     1974326  22668828         Moririnnx         2
691   124025181  22386431       水龙敬Official         2
692    17059522   1495477           幻想乡的琉璃猫         2
693   436596837  21463227       家长麦Official         2
694   476903292  21666922     佐久間ねむOfficial         2
695     9074616   3448101                元・         2
696   455916618  21571739            无理MURI         2
697     1740548     26283        小伞一把Kokasa         2
698     4450868   1413570              八宝酱阿         2
699    32589074   4872086      草加陆人laiciffo         1
700   276436402  22685598               难欲别         1
701     5860011    992582        九尾的夜猫-Neko         1
702  2108532315  23509601       林野星Official         1
703     1523623   3668335           紅やAkaya         1
704   480723986  22840221             苏苏酱鸭l         1
705   479768577  23084763             苗苗Mio         1
706  1462858376  23108224        如壹的全宇宙唯一小号         1
707   125964693   5882130            小狼崽芬里尔         1
708  1824597784  23212019      米露提亚Official         1
709     5471378    481086         米莱_Millay         1
710  1401208510  23008996             豆子Ayo         1
711   609132511  22330922             超级索尼马         1
712  2132566155  23138488         帕米尔Pamirs         1
713    95334691   3821208              是沐釉哦         1
714   342566986  22918406       云螭月_Channel         1
715  1043321643  23084794       STOP0000011         1
716   332093364  22860013        汐音_Shione_         1
717    83340815  14754466            极北的狸喵酱         1
718  1589117610  23001181          朝海沫霓Moni         1
719  1910896691  23057716             账号已注销         1
720   429982753  22323231            四季折の羽_         1
721   646432928  22918711            路理Kuri         1
722  2143967328  22768399         纪代因果_Inga         1
723   486618657  21720301      月兔华-WACTOR官方         1
724   496600848  22602225           甜梦少女卡莉酱         1
725     8363141  22242682             账号已注销         1
726   370687588  22111428            花留Karu         1
727      828468    727143          烛子_ikina         1
728   474593910  21622687        超V学园_林伊Eli         1
729   595407557  22359795         菜菜子Nanako         1
730      738497    909090            希叔不会喝酒         1
731   427061218  21618129          夜霧Yogiri         1
732   451066708  21602686       新科动漫Channel         1
733   398046086  21230298           湘灵是只小狐狸         0
734   216905835  22906028             原神の兜兜         0
735   492762252  23903294               大船记         0
736     2308730   3570974       xxxXx_X_XX_         0
737  1899937919  23429625                嫣珑         0
738    94923804   9195983                恺゛         0
739  1996270842  23551913              炽琳11         0
740    11951064   1138328             被遗忘者1         0
741   416614876  23365188     米尔帕斯_official         0
742  1847726295  23376684          尾绒Aurora         0
743   486997652  22692115              水卜泡泡         0
744    14382057  21513354            爱德华EDS         0
745  2014624029  23363777            残暴樱桃小熊         0
746  1865862406  23250283          恋野萌萌momo         0
747   252597833  13854915           夏日限定菠萝猫         0
748   697964606  23107894            爱吃的萤火酱         0
749     2108977     47325               葱白君         0
750  2099635516  23229192          白床Perori         0
751  1552531961  23236287             黒霧にいろ         0
752       44469    744732    柩Kyuu_Official         0
753   550899722  23146219             鱼遥Yao         0
754   367295017  23320407             账号已注销         0
755   299211960  13381293         异世界的暮卡er_         0
756  1585320184  23319825             账号已注销         0
757   698094102  22573826            我不好说了捏         0
758     2139677  15161590            转生中-南川         0
759   104980443  23096939         瞳official         0
760  1928217508  22943224            代号-202         0
761   609253223  23035801          Stars-林逸         0
762  1606577455  23190727      妙善公主Official         0
763  1583690517  23148607            纪律部南波兔         0
764  1994541396  23095291    库拉里罗滋-官方WACTOR         0
765  1237746158  23104974               小夜铃         0
766   389052735  22443116             鹿鹿西米鹿         0
767  1451827196  23133856             账号已注销         0
768     8063267   5291090           米米米M米花糖         0
769     1590297     17368               缱落铃         0
770    95286968   3923040          阿贞zzdrws         0
771  1315935808  23124800        绿绿official         0
772   304538761  14370788   世界猫Nia_Official         0
773    14874566   1210217              织诺红莲         0
774     2954058   7791548              阳口沙织         0
775  1801375919  23104752             账号已注销         0
776    33419912   3597056              慕倾城鸾         0
777   437073522  23064003          歌奈pigeon         0
778  1820277537  23101371             纱柚sau         0
779   436823223  23045312       茨少凌_Channel         0
780     7801382    291509               啊朔丶         0
781  1434788295  23012235       STOP0000012         0
782    39796923   5261059           程Rizwan         0
783   688898768  22531409             账号已注销         0
784   375370414  22213220           蜜汁de自信i         0
785   646658134  22888048         或许爆爆就是金克斯         0
786  1661076923  22821806         私Official         0
787  1780983970  23013064   Saku悠娜-official         0
788   690608701  22778617          犬童Kendou         0
789  1669875564  22923403             狸花想摸鱼         0
790     1359996    664481       南宫灯official         0
791   647575049  22553538     月见里朔良Official         0
792     6268594   3695068             鹿仔酸Q糖         0
793    11850816   1437304        VECTOR_维克特         0
794    32365653   2659281            慕瑶的花花哇         0
795   247652554   9934974              网友小鸢         0
796   483419193  21776474      新月岚_Official         0
797  1103073471  22671791          小豆沢Azuki         0
798  1599316734  22667136         Nokooooo_         0
799    34019939   3820990           卡琪酱Taki         0
800   474593912  21622694      超V学园_白祁Seven         0
801   642588972  22409418      佐仓旬夏Official         0
802   442655565  21503113       芙栗希娅Felicia         0
803   652240042  22485731   闪光Pika_Official         0
804    94928549  22485622    贝伦修坦因_official         0
805   625255764  22439372           新账号在置顶里         0
806    73544914  10666184           橘栗_July         0
807   471308347  21664698        寿寿歌_suzuka         0
808   389858027  21130785      百鬼绫目Official         0
809   624252710  22349494      狮白牡丹Official         0
810     2154078    614957           真的不是那个酱         0
811   354411419  21618138          希薇娅Civia         0
812   479965355  22210240   萝卜蘸酱_机萪Official         0
813   434341786  21452118             账号已注销         0
814   511613155  21908196          阿媂娅Artia         0
815   511613157  21908222        罗莎琳Rosalyn         0
816   511613156  21908209          朵莉丝Doris         0
817   491474048  21752681      天音彼方Official         0
818     6055289    947447       高槻律official         0
819   456368455  21641569               黑桃影         0
820     7688959   9565979         爱吃瓜子的薇一er         0
821   332704117  11588230      白上吹雪Official         0
822   336731767  13946381       夏色祭Official         0
823       98181   4418655       菫妃奈Official         0
824   373493702  14110147             兰若_Re         0
825   375504219  14917277     湊-阿库娅Official         0