            uid   room_id              name guard_num
0     672342685  22625027           乃琳Queen     10617
1        198297    876396              冰糖IO      1567
2      18149131    704808    Overidea_China      1096
3     672328094  22637261           嘉然今天吃什么       943
4     672353429  22632424            贝拉kira       836
5     672346917  22625025             向晚大魔王       780
6     351609538  22634198           珈乐Carol         2
0     480680646  21696950             阿萨Aza      5038
1     401315430  22886883       星瞳_Official      4251
2    1383815813  23221095           吉诺儿kino      1414
3    1856528671  23256987            陆鳐LuLu      1306
4       1950658     41682               早稻叽      1170
5    1230039261  23905374           量子少年-慕宇      1163
6     473244363  22992234          蕾尔娜Leona      1107
7    1281805827  25734481   Fulgur-Official      1060
8     480745939  21696953            罗伊_Roi      1025
9    1795147802  25512501             柚恩不加糖       995
10    434334701  21452505         七海Nana7mi       899
11   1265680561  22603245              永雏塔菲       870
12   1437582453  22816111       東雪蓮Official       815
13   1601895109  25245573    shoto_official       781
14       477792     24393               雪狐桑       753
15    508963009  21919321       HiiroVTuber       714
16   1669777785  25512443            露早GOGO       691
17      7706705     80397          阿梓从小就很可爱       631
18    477332594  21652717         白神遥Haruka       607
19       140378    958617              梦音茶糯       584
20    401480763  21402309     眞白花音_Official       519
21   1778026586  25512465            米诺高分少女       470
22   1588646945  25206807            巴老师的小号       464
23     56748733  21756924           雪绘Yukie       408
24    269415357   7688602            花花Haya       378
25       632960   1944820        切茜娅CheIsea       371
26      3035105   3415150            奈姬niki       370
27      3821157  21692711         东爱璃Lovely       335
28    617459493  22384516                呜米       335
29       282994     47377           泠鸢yousa       319
30   1775966996  24731541   Vox_EN_Official       316
31       745493   8792912                咩栗       288
32    358629230  13328782           Flora圆圆       271
33    551567343  22508500             小晶晶ごい       263
34   1838190318  24643640             魔狼咪莉娅       251
35    441381282  21547895      花丸晴琉Official       241
36    407106379  21396545     绯赤艾莉欧_NHOTBOT       239
37     14387072   6374209              小可学妹       215
38    489146840  22301377       奈奈莉娅Channel       211
39      2299184   8725120      古守血遊official       197
40    692283831  22571958     美波七海-official       183
41    402417817  22047448       星宮汐Official       167
42      3046429    938957              祖娅纳惜       161
43    349991143  12235923     神楽Mea_NHOTBOT       161
44    406805563  21320551       乙女音Official       125
45    697091119  22676119  猫雷NyaRu_Official       108
46      5563350   4138602       小希小桃Channel       103
47    434565011  21449083      物述有栖Official        94
48   1096223397  22853788    白雪艾莉娅_Official        80
49    504674421  23588360           零诺Reino        54
50      1473830   1485080       AIChannel官方        33
51    667526012  22622535     文静_千鸟Official         1
52   1370775553  22974318              -桃易-         1
53   2001283668  22642673    路星晨Morningstar         0
54      9034870    190577      星街彗星Official         0
0      51030552   1603600            星汐Seki       709
1     690608690  23260932          恋诗夜Koxia       528
2     698438232  22673512                扇宝       512
3     574317507  22210372         香取绮罗_kira       420
4    1802011210  22758221      夏川玥玥Official       416
5     477317922  21672023            弥希Miki       408
6     441952268  22014628          五月织姬ctsu       372
7       9066351  21737386            塔克Tako       364
8      43272050  21646457       穆小泠Official       339
9     698029620  22696653           兰音Reine       335
10       780791   5561470            Mia米娅-       328
11   2094031249  22748536             火羽ひのめ       306
12     15641218    573893        帅比笙歌超可爱OvO       306
13    690608693  22778610          勾檀Mayumi       302
14   1875044092  25512476             莞儿睡不醒       287
15    623441612  22347054      椎名菜羽Official       272
16     11431931    675014          ninnikuu       266
17      3985676    947866            扶桑大红花丶       263
18     12497617   4788550             胡桃Usa       262
19   1811071010  25512485            虞莫MOMO       238
20   1199634708  24742685             梅妻ume       230
21      5005968    866400             米白zzz       230
22    109834414  24492364              井上鸢御       227
23   1104048496  22642754             桃几OvO       227
24     14198063     82178            猫不吃芒果め       227
25       510047  22333522         伊万_iiivan       223
26   1958703906  22894962            靡烟miya       218
27    434662713  21448649  NoWorld_Official       218
28   1641367203  24745250           新生代持剑少年       217
29    471460273  22195814           杜松子_Gin       214
30       512480     29183            YUKIri       211
31    591892279  22889484              希月萌奈       208
32   1643484295  22900071           岱川Doris       207
33       518817   5169315                早凉       205
34    399815233  21728563         烛灵儿Hikari       204
35   1294678093  25166222          杜铂雷Dobre       203
36   1875094289  22754458      小铃久绘Official       202
37    292838396  12845193              鸢尾牙牙       201
38      6747203   3428783       绫濑光Official       200
39      4176573    870691            Akie秋绘       199
40       899804    411318          红晓音Akane       199
41     17511965  14343955            咦我的头发呢       198
42       922573    251015          黑泽诺亚NOIR       197
43   1734978373  22696954         小柔Channel       194
44    385281102  21749031         紗耶_sayako       194
45    606293627  22625077         月兮Channel       193
46   1752208642  23293581         犬川面面Miami       190
47   2049968320  23343237               夏卜卜       189
48    690608704  23017349           桃星Tocci       188
49       163653    162180   尼奈nine_Official       186
50    479633069  21677969          秋凛子Rinco       186
51      8881297     55634        钉宫妮妮Ninico       183
52     61639371  21484828     轴伊Joi_Channel       180
53    690608709  23550749             尤格Yog       179
54      6415072     43241              虚拟小萨       170
55    353361863  21514463            七濑Unia       169
56    393885664  22882574            诺可Noko       168
57   2072717192  23969425            万拓普TOP       167
58       731556     92450             綾音Aya       167
59       610390     14893     乌拉の帝国Official       167
60    505183397  24143549          桃宝Momoko       165
61    477342747  21672022         星弥Hoshimi       164
62   1543083238  24160882          纱箬sariel       161
63   1377212676  23945583       永恒娘Official       160
64   1394160176  23808442         纱音_Syanon       160
65       620903    870004        泰蕾莎Channel       158
66     36265198  23596840        沐晓空Channel       157
67    324897535  25497805       柯罗诺斯Chronus       157
68    484322035  21712406     AIChannel中国绊爱       156
69   1219196749  23303212         唐九夏还想再躺一下       156
70   2123631024  22865391     辻蓝佳音瑠_channel       155
71    324884920  22320946               江壹纯       153
72    697737710  23369901          蝶蝶Hikari       153
73   1501380958  22746343        艾露露Ailurus       152
74       607286    757349              i御十二       152
75   1376650682  22857429        葡冷尔子gagako       151
76   1570624336  25524451     MerryOfficial       148
77     30507713    444084             小小小小玟       148
78   1155425566  23805066           希侑Kiyuu       148
79      1780645    540024    粉黛乱子Capillaris       147
80   1133258171  24726627          洛瑞娅EIF93       146
81   1220317431  25290861              凜凜蝶凜       146
82     14897804   7953876           宴宁ccccc       146
83      1612112   1321846        夏诺雅_shanoa       146
84   1359949418  23224539            小小约yoo       144
85   1141334416  25155352      齐格鲁_Official       143
86      5659864   2064239               鹿野灸       143
87   2006452883  24778741         路希维德Wiede       142
88   1220621189  22852903      东堂比乃Official       141
89    631070414  22389206              折原露露       141
90   1637486568  25622556              梦咲有绪       139
91    321650277  24833274          凤小七seven       138
92    613345189  22344968          蛙吹Keroro       137
93      6853766   3032130          舒三妈Susam       134
94       532791  23092710   薇拉Vera-Official       134
95       529249    282208             诺莺Nox       133
96    509050400  21879412            雷柏磷ボリン       133
97    398655122  21713184               莫熙呐       132
98     35565205   4375036               茭白柒       132
99     17661166  21925332       鈴木玲子_Suzuki       132
100   480432362  21685677               鈴宮鈴       132
101     1598595   6869043                朗加       131
102     1521415     81004       艾尔莎_Channel       131
103   225347042   9162799       九重紫Official       131
104   180485916   5998426           是姬拉Kira       131
105    57871034  23246736               栀小朵       130
106  1265605287  25061813         麻尤米mayumi       129
107  1584039005  24954295              星见汐娅       129
108   121487111   4585823               东野凹       129
109    54191665   8643223       木糖纯Official       129
110    12939237    264788              有棵里里       128
111   283886865   9234980         说说Crystal       128
112  1116286149  25089255      海童亚奈子_propro       127
113    16510117    623698             机智大灯灯       127
114     2341174    918717                池年       127
115   230487728   6615406           嚼着软糖想昵称       127
116   257463461  11559434              小猫蛋卷       125
117      749499    915110          神咲乃希NOKi       125
118   671538942  22571722           黎歌Neeko       125
119   477306079  21672024         真绯瑠mahiru       123
120    39267739   4316215       铃音_Official       123
121   176135235  22880700       星野怜Official       122
122    11253297    392523            多多poi丶       122
123     2096422    200344               宝叽一       121
124  1942864208  24827493          卡萝尔Akuma       121
125    81552504   3248270            原味奶介呀_       120
126  1802654492  23777594              七禾いえ       120
127    24957521   4726132            吃肉包的怂鼠       120
128  1923344666  24393990    佐保姬夕映-官方WACTOR       118
129  1096034982  24978909              兔眠可可       118
130  1657906522  23696756              花雨春绘       118
131  1768094747  24153954               安纪亚       117
132  1202416628  24255210            眠特Mint       117
133   372984197  14052636  夢乃栞Yumeno_Shiori       117
134      186463    337374              綾奈奈奈       117
135   434401868  21457197              中单光一       117
136   347784817  13827947           -阿予ayu_       116
137  1041474702  22953950            病院坂Rei       116
138     1802392   9395707            榛葉nami       116
139    24003005   1246242            水水超水嗷呜       116
140  1386545245  23667609     犬卷日鞠-官方WACTOR       116
141   703018634  22605289         莱妮娅_Rynia       116
142    13089665   1223832             橙子miu       115
143   484660274  21706862       七咔拉CHikalar       115
144     1743015     40195           星越Koshi       115
145    13199099  21724277               植物椿       114
146  1673137696  24731561  Luca_EN_Official       113
147  1710146343  24701720         玲儿ZeroTwo       112
148  1878154667  23771139          沐霂是MUMU呀       112
149   545530293  22563900            饭团喵にゃん       112
150   329323412  25442739             月荧una       111
151  1087725318  24926753        白雪葵Channel       111
152  1005457213  25172501        辉瞳_Channel       111
153     8558528   8726118           清濑冰ices       111
154     5816642    790566        星谷樹_itsuki       111
155  1816182565  22898905        珞璃Official       111
156   602200741  22288644           瓦妮Vanee       111
157   473513205  21611039          夏可可_Kero       111
158  2082574877  24604089            幼栗突然出现       110
159   692437895  22637920        桃井最中Monaka       109
160      210628      5229          MKiiiiii       109
161   176528442  23086860              三宝iu       109
162     1401928    924973               火西肆       109
163  1355412269  23075997           随一Suiii       108
164  1703797642  22966160       李豆沙_Channel       108
165    11771366   1114551           莉夏Lecia       108
166  1124440113  25604590              明夏珊海       107
167   589799673  22671467           艾妮娅Enia       107
168    20966016  23722192        绫濑Official       107
169  1296133469  23332935          路菲比Febee       107
170   516678537  23300805             C叔小酒馆       107
171  1243266187  22742508    林莉奈RinaHayashi       107
172  2052064438  22824550            罗菈Rola       107
173   618107325  22334596            阳阳不想熬夜       106
174     1363457   1487005           米团团Miho       106
175  2126507529  23527503            蒂莉雅回家家       106
176        7966    597450              花园花玲       106
177    17992194   5573692            芝士饿晕了耶       105
178   629814419  23998995            哒叽luna       105
179  1244296084  23365207       菲莉丝_Phyllis       105
180   378606811  22341433              螃蟹那由       105
181   598716541  22712271           春小花sama       105
182   410636303  21418775           飞鸟穹Sora       104
183  1683159082  24105617       五月病official       104
184    13838369   1760427            早月Moon       104
185    23155481   5461024              一点荧惑       104
186  1660392980  23771189             恬豆发芽了       104
187  1927037753  23261911            纱鱼sayu       104
188   194326389   6203304              兮子cc       104
189   220293909  24939060               千春葵       103
190  1950721001  24817507             天天Ame       103
191     6699767    713435               未未昭       103
192   529341976  24334012            奶芙wuhu       103
193  2007781080  22989215      天曰小雏Official       103
194   410689349  22054199              仙女安_       103
195    17794913   1033927             猫辞猫辞猫       103
196   455899334  22163937               秋蒂Q       102
197     5986897   6204892           绫月汐Shio       102
198  1040909140  25178731      成海晴爱_Channel       101
199    32410214    901625              子凌弈秋       101
200  1011797664  24697117          卡缇娅也不知道鸭       101
201   686241472  22520319               团小哈       101
202   690804827  22545602        花满Official       101
203   423902976  21603945         Minicatty       101
204    12450452  22262300              人间蜜药       101
205   546192461  25235084           Rinko琳可       100
206   364728311  13802532     星蚀_Finsternis       100
207     2093232    994304              轻叹ww       100
208   593793031  23854724           泉鹅Izumi       100
209     4718291   1155608         花见汐梨Yuuri       100
210   702411002  23351434               怦怦梨       100
211      659401     19064                荀异       100
212     2128310    399854             夕兔_H2       100
213   421267475  21403601            艾因Eine       100
214   551527845  22810269            迷柚_mio        98
215   699327470  22578273             蜜汁粥粥_        98
216  1846208014  22864117        盖乃希亞Galaxy        97
217     1750561   8721033               蜜球兔        97
218    96264399  23129160        和水_nouille        96
219       52522    850221               露蒂丝        96
220      433307    818240            洛佩sama        96
221   380829248  14327465          花园Serena        96
222    13630808    362064               顾疚疚        95
223   573930836  22566228      咲间妮娜Official        95
224  1112031857  22924075           薇Steria        93
225   313248263  10413051       宇佐紀ノノ_usagi        93
226  1069108539  23472646     小鸟游杏子Official        92
227    27231887   1496588             轩喵与砂奈        92
228   472848826  22404256           纱世_sayo        92
229  1819548520  24906576            桃酥Momo        91
230     1595005    450956            录音姬阿童木        91
231   282875499  22387734                衣娅        91
232   498188835  25367871            汐尔Sier        90
233     9006357    276936           诡计多端的马鹿        90
234     1583472     24125           鲸落落raku        90
235   402283366  22497143         大冤种鱼丸学姐ya        90
236     2100679     56237            还有醒着的么        89
237     4447907   4076610           不想睡觉的洗洗        88
238  1734677911  23245990             酒菜禾子呀        88
239  1372936974  24441860   可妮Koni_Official        87
240  1658766768  22821718               午哞哞        87
241     1697694    602283                蝶太        87
242  2059201075  25159955     Kiko_Official        86
243     1467772    544820              封茗囧菌        86
244  1200516867  24042664            娅弥Yami        85
245    35231887    469803              星海玲奈        85
246   703068520  23296355          想不长肉的喵小泽        85
247    47791562  22861834            赫拉Kris        85
248     9923775    925758               柯暮卿        84
249   690608714  23805078          狩砂Karisa        84
250  2115139772  22877717        莉莉幽ririyuu        84
251  2126709029  25180280      結城梓_official        83
252   395865658  22454728             茅山张懋衍        83
253      720964   1521498           你的可樱已上线        83
254      839059    739818           妮特_Nito        83
255  2140412037  24485048               晨悠光        82
256  1216158888  23784861            果奈suki        82
257      317000     10545          adogsama        82
258   160450916   5293697          小风铃是只咕咕狐        82
259  2139886807  24808180      雨音月奈_NHOTBOT        81
260   690608706  22605469      田野柴Tanoshiba        81
261    94363275  21710273        日向葵Channel        81
262    18075705   2757197               夜然z        80
263  2093872604  22976643           五条软yuki        80
264     8041302    725364             污喵污喵哒        80
265    13908542  22251977       柊真华Official        80
266     8760033  14846654              小司无常        80
267   316381099  15152878             鹿乃ちゃん        80
268   690608694  22605466             伊深Imi        79
269    37756047   1352574       申岚_Official        78
270      234782    544625            祈Inory        78
271   193558681   5391723              激辣味噌        77
272   698168210  23094410       画外灯official        77
273   576858552  22323445           毬亚Maria        77
274   567234492  22321043         玛安娜Myanna        76
275  1697848019  23490978           赤五教教主亮亮        76
276   697652272  22569046                早穗        76
277   558070433  22389319        千春_Chiharu        76
278   558070436  22389323          清良Kiyora        76
279  1630494154  24715515            蔓Aoede        75
280      425286    292397      巫贼_ikataruto        75
281  1809810330  24188245             摩亞Moi        74
282    12862137  21359166        鹤羽Official        74
283  1674274422  23098405            小语若mua        74
284   128912828   4767523             沙月ちゃん        74
285      795926  24022621   铭音MeIoN_2022稿期满        73
286    11416708  23348061              九奈猹猹        73
287  1512788587  23388273           诺娅Sukie        73
288   602724685  22300771         雷岁_Raisai        73
289   325907302  22404898            冬日不要酱子        73
290     1524009    177152             砂纸大魔王        72
291  2064099563  24762598           茂Sigeru        72
292   394593891  23605152       黑岛麻由_online        72
293    34815578  23116807          りんうらん霖雨蘭        72
294  1343252680  23582081            竹已Take        71
295     3614240  21700355               御司司        71
296  1518296186  23501664          莉奥拉Liala        71
297  2119815078  23626594          安蒂维娜-克莱因        71
298  1273319763  23095176                璎绯        71
299   410124536  21368856             阿黛不太呆        71
300    39952788   7619799        羽蝶酥酥今天被吃了嘛        70
301    25032753   5312656             果汁erR        70
302   690608686  22605463            茉里Mari        70
303    23100916  23148857      貔貅诺诺nono_nya        69
304   582225536  22286296             麦芽不甜_        69
305   377042295  21594123              挽歌歌_        69
306   370200323  22709591             嗨嗨多吃点        69
307   416622817  21413565         步玎Pudding        69
308   272705818  24399819           仓仓爱吃牛肉干        68
309  1544125954  24731569    Mysta_Official        68
310     9361427    905813               清則子        68
311      744031  14009974        蝶蝶狐_Chouko        68
312   482911295  21712635   绮良kira_Official        68
313  1926156228  22608112         希亚娜Ciyana        68
314    41461068   9618253       艾诺斯Official        67
315    16217876   7768761          白夜小鸠Hato        67
316     3526739   1921106              绯叶明依        67
317   664047468  22772718            莉姆丝OvO        67
318    67246581  21711976        凉米饭Channel        67
319  1968342232  24538373            曲奇Aria        66
320    16907771  23158413           雪虎Black        66
321  1282271864  23459804            自由魂儿儿儿        66
322   690608712  23550793             友夏Uka        66
323     3802666    783445         Ask是Asuka        66
324   690608691  22605464          千幽Chiyuu        66
325  1048861669  22700047         人形冬萌_Tomo        65
326       29080  12576972           无前Namae        65
327  1705007318  22920508    星ノ宮春鈴_Official        65
328   474593909  21622680           花玲Karin        65
329    65568410   2516117        管珩心-中间的字念哼        65
330   180035670   5298167            皮卡少个丘w        64
331  1553780731  23965951          许亦真_REAL        64
332      334299     34587                零太        64
333   674839637  22537284                黎耶        64
334     3774410   1960179         樱饼饼Sakura        63
335   661461705  22487947      莉莉安_Official        63
336   569192826  23084015       沙口酱official        63
337   397244810  22661866             偷偷Toi        63
338   181998984  10956073              果糖含量        63
339   429964467  23114598          卡连Kallen        62
340   358085156  14848063          魔法少年电池er        62
341  1795716989  24967779          阿鹤-Crane        62
342   599254182  23246975            冰淇柠QAQ        62
343      398431  24173090        塔蒂娜Tattina        62
344   480248442  22381346           北柚香Yuka        62
345  1011812576  23370653              奈奈大芙        62
346     1278545    175965        格蕾缇娅Gretia        62
347   527004636  23138650        叶月_Hatsuki        61
348  1678686361  24837306          Sandy睡醒了        61
349    11399495   4910271               鸽一品        61
350   690608702  22778627       九十九_Tsukumo        61
351  1288036991  24411398           小惹Azure        60
352     9264492    681838     杰池莉尔-Succubus        60
353  1993395129  22967698        散華藍SankaAI        60
354  1164975438  22809132            幽乜Yume        60
355    14350494   4215185       犬山奈奈Channel        60
356      640283    806683             花洛栗栗子        60
357     3149619   3822389   有栖Mana_Official        60
358   437786939  21473201             keii萤        59
359    11655582    924325                鵊鸣        59
360  1939568047  25100511              沧海月萌        59
361  1802937912  24846830       Valentina蒂娜        59
362     5482095     57437                碳鸽        59
363      649833     45940             茜茜甜兮兮        59
364  1315870194  23106228           芙拉_Fula        59
365  1308967115  23029299              鱼一YY        59
366   441382432  21547904      小东人魚Official        59
367  1132553462  24471858               烛宝哒        58
368     3328498   2416317             祁宝困兮兮        58
369     4098782  22032167        星野綾乃Ayanya        58
370    15076745    364027              彩虹酱哇        58
371   666726801  22470208            勺Shaun        58
372    21693393    370468            幽灵车尔尼桑        57
373   396316042  23199554   羽咲Rabi_Official        57
374   303246676  10049827             栖苑太困辽        57
375      741520     33942        茶冷_Channel        57
376      264161    837039        ❀Sakulaˇ小舞        57
377    36081646   1546736               洛天依        57
378    74617154   2996680          倪奈奈变欧亿点点        56
379  1095803401  23710136         小春_Koharu        56
380      249243   8688111    小豆沢あずきofficial        56
381    36576761   6129586       诗小雅Official        56
382      117906     11306        阿伊蕾特Ayelet        55
383  1436519963  23509728              是喵宝呀        55
384   470085432  23128657       派萝喵Official        55
385    27554691   8816397        熊崽_BearRRR        55
386      545511     10360             速冻猫犊子        55
387      128552    283870   JimDez_Official        54
388     7723009  21356899          这碗鱼Katie        54
389  1070733875  23238218      怠惰V_official        54
390  2100944625  22700040       露珀塔_Ruperta        54
391      846180   3012597          喵田弥夜Miya        54
392       47441     54897  Ruriko琉璃子Channel        54
393      744713   2611014       雨宫水希Channel        54
394  1570795034  24564657              咩也爷_        53
395   484451346  21706254         绚辻眠兔Minto        53
396    58485079   2098875              温之九丶        53
397    26541399    360169          鹿子kanoco        53
398   397758529  25356160               桜都子        52
399   525105971  22067425       紫海由爱Channel        52
400   286113280  21742155              望月希咏        52
401      477007   3649650         Sawako碎花子        52
402  1899153123  22787192       芒崎小吉Channel        52
403   494850406  21990617      白银莉莉Official        51
404   392505232  21224291    安堂いなり_official        51
405      597701   1375798         压刹channel        50
406  1263271233  22993378            铃伊_Rei        50
407  1422451239  22715167       布丁喵official        50
408    12945093    497517              冬雪沫沫        50
409     2239559  10877511  Mira恶魔米拉official        50
410  1880355910  23520070              秋月盈儿        49
411     1516482     42270         白桃Shirako        49
412   690608689  23260856          夜宫Yomiya        48
413   490514755  23488560              画饼小猪        47
414  2042629175  24963677    范塞尼尔_VamSenior        47
415   487550002  21811136     猫芒ベル_Official        47
416  1451797925  25148241               尹青依        46
417  1810786106  24063763              千岛尤樱        46
418     1926687   1517135       猫川多多道-taku道        46
419     2048677   1868279            米见Mita        46
420    38271760  22682795        淩钰Official        46
421     3301695    872551             电鸟个灯泡        45
422     4365978    193520              一支橘猫        45
423     2650919   3525213           凛-阿格里亚斯        45
424   488836173  25411285       yoyo鹿鸣_Lumi        44
425    45336140   4346806              星野绵奈        44
426   323905978  23417026       忧特若丝_Uterus        44
427   591843065  23587027         天海今天又懈怠了呢        44
428  1461176910  23965761           量子少年-祥太        44
429     8171802    753667       风吟蝶_Channel        44
430  1323227037  23252619         山椒阿露波Arpa        44
431   267439469  22208948          柠檬今天练歌了吗        44
432     9736638   2206397              星野琳奈        44
433    49142760  22815234        咪诺今天也要元气满满        44
434   442902274  21573665      紫桃爱音Official        44
435      890735   2698402             Atom玲        44
436       91352   2853663      心羽萝妮Official        43
437    14405936    331747          必不可能鸽的青璃        43
438    16059520    452450     五彩呆鸟咩Official        43
439      278296   8641515               橘绘理        42
440    19986917  24343457              与枝老师        42
441     1344144     97558       免免_Official        42
442    96975902  23680570           是悠姬Yuki        42
443   688492564  22529153            婕婕才是姐姐        42
444     3032688   6760154             -Yu酱-        42
445     6716902   2371727          吉鲤yuriri        42
446  1701192807  23900853               音离宝        41
447  1863644136  23240551            弦羽Hane        41
448  1723206278  23985703         希洛伊Shiroi        41
449  1382719257  23517719    咸蛋黄饭团-official        41
450   157330863  22041958      神奈希_Official        41
451  1340967709  23149132        花云凛_propro        41
452     2240157   3471186               姬野青        41
453  1152597935  22720043             星宫魔琉瑠        40
454   323774877  21732370           星陵Betty        40
455     8198901   6959050         染染_Ranoca        40
456    13158687   4339349           超绝卫星轨道炮        40
457      168210   7478830          沧棂Soleil        40
458  1757836012  23905403           量子少年-楚枫        39
459    43187576   1363311            _かがみ_镜        39
460     7591465    873642            里奈Rina        39
461      147688     35350              lvlv        39
462   690608687  22778596            蕾米Remi        39
463     6000336    550335       AirSAMAdesu        39
464   336442974  22845802           夜原没有小尾巴        38
465     8156542  23058813          芙蕾_Furei        38
466    34423885   6485126            耳可Milo        38
467    12120515   2425420   尼奥喵Neil_Channel        38
468    43466186  21742849               峥峥っ        38
469    11300631   1313362          阿嗔Aurora        38
470    17907167  22843050          狸哩今天也是废狐        37
471     3188835   1766019             三千院可奈        37
472      826393     97687               叶洛洛        37
473   474593911  21622688           _慕斯Muse        37
474     2523666  21110343             艾晓萌萌萌        36
475   341688520  23442130              弥音千绪        36
476    26087398   1016818     猫屋敷梨梨Official        36
477     1602085    171195              Yuu喵        36
478    20875904   4315783         无家可归的流浪鲲鲲        35
479  1181247064  23615209           森川雪yuki        35
480  1489377760  23017641          竹月芽Meiya        35
481  1042854135  23594422  ShizukouOfficial        35
482    15225468  23389000      辛西娅_Cynthiaa        35
483   650663945  22550560     诺拉Nora_Heitis        34
484   410741448  21399689      Milky_Vtuber        34
485  1472906636  22727121            ywwuyi        34
486   135980509  21701071            永远永远酱w        34
487     4242014   9170973          满天星Hoshi        33
488  2009235986  23093993         戌夜初Hajime        33
489     4911722  22074371     黑桐亚里亚Official        33
490  1115540220  22973442          夏莉Sherry        32
491     1352646     74571        米哦Official        32
492  1535525542  23905421           量子少年-泽一        32
493  1209958561  22807430               褚斐易        32
494    21374533   1221274         彼岸霜滢Eliro        32
495      651649   3725076              特莉丝忒        32
496   412630000  21348897            亮_Sama        32
497   476676325  21649962        米蕾優channel        32
498      863287   5224688        天雨Rainfall        31
499   359081808  13990730            季毅Jiyi        31
500  2132566155  23138488         帕米尔Pamirs        31
501   438848253  21545805            盲盲Memo        31
502   436693674  22159299      早濑弥生Official        31
503   472877684  21613356            惑姬Waku        31
504  1834090921  24849407          哟蔻桃桃YOCO        30
505  1085221011  22992633       尤娜_Official        30
506      835644    735709        卡农_Channel        30
507   393457552  21785289              A梦酱吖        30
508   434563934  21449068         叶Official        30
509     2654466     64566          猫幼cattyo        30
510   399923919  23426285              姜南星_        29
511    29488539    147488             这里是馍君        29
512  1394476714  23113694        猫柠morning_        29
513  1688076885  22865861               ねこれ        29
514   688275304  22621413            Zoe_舟一        29
515     5106924     76326        桓信Official        29
516    92610220  24319484              你群离岛        28
517  1803585918  23251345             千零莉露卡        28
518   118754720   4611671               雨街F        28
519      394936   8725320  盐天使riel_official        28
520  1006140314  24921679     瀬兎一也_Official        27
521   493885362  23195139          岚墨_Holic        27
522     4861197    311280        雾雨威Channel        27
523   233299554  23025519         麦乐桃_Molly        27
524  1121411561  22935036                万灼        26
525   676278201  23337608              -言如惑        26
526   663577831  22500194            幼薇喵nya        26
527   571841213  22205953       三日暦Official        26
528       88687    449396              w丘丘w        25
529   604738184  23390101         雷米尔Remiel        25
530   628061724  22371829      神月萤_Official        25
531    11137181   4109869        伊莎蓓尔Isabel        25
532  1677271465  23319833            尤酱睡饱饱w        25
533   488970166  22030718            花谱_kaf        25
534   513273343  21920570           龙西Rinya        25
535    32915000    302816              枕边小软        25
536  1004127267  23648738            芙蕾娅フレア        24
537   529107543  23099155               fa漠        24
538      487902   7595278           召唤师yami        24
539      492862    566227      阳向心美Official        24
540   180247922   6116476         无趣Kirisaa        24
541    81534454  24003630              曲莓团子        23
542  1848290057  23404362            灯瑠hiru        23
543  1285890335  24088644        海德薇Hedvika        23
544    75094637  23562312              尾巴困困        23
545  1094889067  23136093                雪理        23
546    22765153     70808              那神银酱        23
547   474369808  21696957        度人Tabibito        23
548     3063155   1259929            饭咩Meya        23
549     3570093   1589452              不举萌栗        23
550   472845978  21613353            有加plus        22
551   517060084  21970333       一颗芽Official        22
552  1156637837  23085720             雪绘莉莉奈        22
553   441315555  22582590          神代祐希Yuki        22
554  1242456361  23069606      长月春雪_Channel        22
555   526071118  22233836           魔法少女真理酱        21
556   556027338  22757605        Yumi和烟璃の日常        21
557   272983835   8043184          魔法少女喵月月酱        21
558     6483727   3558274        小恶魔channel        21
559    97340936   4012961       S1娘Official        21
560     4718716   2303412               鱼鸽鸽        21
561  1914655751  24467094         爱宝Channel        20
562  1055615738  23245332           莉莉洁想吃点心        20
563    12070947    944614            见风kaze        19
564    11187227  12320762         铃月澪Azlier        19
565      408696   5631165            浥昕sora        19
566  2111566071  22874107            小禾mohu        19
567   120279132  22598262      猫ゐ咲夜official        19
568   666726802  22470204            瑞芙Reve        18
569     8247516  24093696              花田田甜        18
570   442426299  21799389      琴吹夢_official        18
571   385331112  21402308          辉月Atsuki        18
572   650573749  22506899          尤利娅Yulia        18
573  1405589619  23805059           希维Sybil        17
574  1865791469  23625060         橙歌歌睡不醒OvO        17
575   491147165  23144336              墨姬ww        17
576    11181582    100963              -流仙-        17
577   666726803  22470189      伊莎贝拉Official        17
578    26398020   7544221       异株湖Official        17
579    36996701   2447665            桂花酒酿元宵        17
580     1869304   6632844      孙有劲Sunyeojin        17
581   525978277  22078423               千亿呀        17
582   652298653  23234552       餡蜜椿official        16
583   346381116  12624443              樱庭香草        16
584  1687861308  22695385              晓曦超甜        16
585     2954058   7791548              阳口沙织        16
586  1494451119  23065710               小馋狮        16
587   273245608   8857387        苏宇能有什么坏心思呢        16
588     1769578   1539872           俊俊子会rap        15
589   340345723  23806497             阿雾睡不醒        15
590  1813355484  22830111              水月泉汐        15
591   431473020  21426806     初焰Hatsuhomura        15
592  1468306600  23556311      皇白璐-官方WACTOR        14
593     8704649     41769      桐桐子_Official        14
594  1731037094  23113220         月野木罗_kira        14
595     4763529     40529        幽灵事务所_XPEC        14
596  1089059487  23089686      星奈铃-官方WACTOR        14
597     4071581   1050301           小毛拔了个火罐        14
598      515455    602744             奴良睡不醒        14
599  1468007004  23362558              望月理莎        13
600   414827620  22257854                团奈        13
601   517746113  22055164           御剣莉亚-官方        13
602   420249427  21403609            琉绮Ruki        13
603      314993     58593    橘柠院Jny_砂糖橘Soda        13
604  1533406766  24448785           请关注明夏珊海        12
605   286914392  23193752                秋淩        12
606    44903085  14197798           安晴Ankii        12
607  1968783589  22926711          茉吱Mojuko        12
608   430219038  21660284       希贝尔Official        12
609     3303103    519052             机动型青空        12
610    24626465   6519380        月见果Channel        12
611  1411553322  24469153            侑萝Yoro        11
612  1278321533  23786670            椰乃不是椰奶        11
613   381439252  23031625            兰笛Saku        11
614      373263    709219         旺财Inukami        11
615   689840611  22950737             蟹宝没有钳        10
616    62411789   3994724  KKKelly_Official        10
617    85297446   3331468            星奈viky        10
618    13821638  23139505           舒听酒要努力呢        10
619  2022640280  22882513             疯子又饿了        10
620  1353739557  22718711        长绾raffaele        10
621   522045311  22029628        柯柯Official         9
622    34237849  22802744               千代茨         9
623    37502021   4536168             奇奇Qi7         9
624  1322881625  22705839             巫沐Umo         9
625    14931184    346015            小妤亲亲yo         9
626  2059039611  23375836        梨茉在数羊_momo         8
627  1086675151  23942393            言彦_SAY         8
628       90873      5424              内德维德         8
629    49563331  22860878              蚕弥哒哟         8
630   456749835  22782192      阳夏诺诺Official         8
631   628292881  22389314         卡欧斯_Chaos         8
632     1576121   4895312          帕里_Paryi         8
633      199915    435048             空风Kuu         8
634     1850809    298094            墨白siro         7
635    77817759  24334336       特蕾莎Theresa_         7
636   104602477  23913870           OoKami君         7
637  1613609207  23931597     神本樱奈_Official         7
638  1081765694  23208247            花梨梨爱鹅笑         7
639  2123801125  23105517          星谷呜冬Udon         7
640     3084780    529718          空伶cherry         7
641   386900246  21304638      神楽七奈Official         7
642      542746    653547            丨Keepo         6
643   228167069  23023985             林黛玉ww         6
644    10030059   3858888              伊月猫凛         6
645    21682845   6171178           犽犽是个小憨憨         6
646   541696090  22340341           早见咲Saki         6
647   421347849  21415012    白百合リリィOfficial         6
648    14634764     37799               英短喵         6
649   364225566  14578426         战斗吧歌姬官方账号         6
650  1357287708  24893910       胡锡子Official         5
651  1269309692  24169782            涅梨Neri         5
652  1330766232  24137142               冰兔w         5
653   237256572   7511203             折扇想睡觉         5
654    19462294   3777439               柠狐柃         5
655   125964693   5882130            小狼崽芬里尔         5
656  1658229747  22760722            柚叽Uchi         5
657      451793   6580433             一块薯饼呐         5
658    47868246   2241806            戈洛Glow         5
659      269558    544624           pipi-萍萍         5
660     1480838    759938    EricaZehnt_埃莉卡         5
661   358695457  13576775       小虾鱼Official         5
662   651402196  23769635            今朝尘尽光生         4
663  1679938687  24122168               段段嗷         4
664       37328    180696         卡欧莉_KaOri         4
665  1620923329  22622469      琳_千鸟Official         4
666   670473494  22478114             慕橙mmm         4
667      165375  23146138         阿凌-接2D转3D         4
668  1825301994  23118493       漪月灵-Aether-         4
669     2141162   2885077  五十岚佳乃叶KNHChannel         4
670  1108865507  23071105             歌手艾七月         4
671     3076830   1559211             账号已注销         4
672   393595532  21157374         转生成骸骸子这档事         4
673         693  22348429             赫卡Tia         4
674   558984017  22414924            自己的高仿号         4
675      820535    718548          默磷Mayori         4
676   490331391  21763344           沙夜_Saya         4
677     4506529   5179685          Maru不是马茹         3
678   523133310  22663131       雅丽斯_Channel         3
679  1315573139  24087754         罗兹Blazing         3
680  1723100461  24044804      琥珀玲_Official         3
681    27651919  23948328           栢岚Cx330         3
682  1434286779  23715321       二朵Akirakira         3
683    49653129   1522963       stage1st宅社区         3
684        1398    562257      灵源道长Official         3
685   636674318  22908657    虚研社经纪人Official         3
686   471226936  22039777               滑稽猿         3
687   473764233  21627536      田汐汐_Official         3
688   524279657  22197280            猫小鹰Owl         3
689   337827661  11575621        陆婉莹GodRiku         3
690      517601   1156041             账号已注销         3
691     7961896   9591764            荔枝呀qwq         3
692     4191585     18574              刹那仮想         2
693  1829633422  22930316       珂珞哲official         2
694     3022597   3668504             露馅eer         2
695  1224180222  23852833           喵喵是只流浪喵         2
696  2103954767  22846258          阿莳Komaki         2
697  2097219437  23733603           灵灵乃reno         2
698   410602048  21434004        邱责责chuseki         2
699   686960404  22587407         园子_Sonoko         2
700  1821760400  22905754            阿珉amin         2
701      383599     15949            高町丶薇维欧         2
702  1090010845  22622290    艾瑞思_千鸟Official         2
703    96230774  22564918              宅喵阿桃         2
704    21258448  11669208              西汐xi         2
705    66692456  22915135         诺莉尔Nolier         2
706    21025175  22895029             芝麻狐狐-         2
707    87429152   4917068             俗语不可说         2
708  1147353799  23043489              神木潼潼         2
709   495707763  22934515        只只Official         2
710   686665614  22845214           羽宙Uchuu         2
711   474856218  21981503            奈璐Naru         2
712  1617739681  22791567            立花遥はるか         2
713   431311100  21417013          月见_tsuki         2
714    12823143    290127    瑠璃川こはくofficial         2
715     1974326  22668828         Moririnnx         2
716   124025181  22386431       水龙敬Official         2
717     8119834  12770821              千草はな         2
718    17059522   1495477           幻想乡的琉璃猫         2
719     9074616   3448101                元・         2
720   455916618  21571739            无理MURI         2
721   595407557  22359795         菜菜子Nanako         2
722     6055289    947447       高槻律official         2
723     1740548     26283        小伞一把Kokasa         2
724   276436402  22685598               难欲别         1
725  1332334128  23800880             飞絮小仙女         1
726  1891728206  22623163   Coco_千鸟Official         1
727     5860011    992582        九尾的夜猫-Neko         1
728  2108532315  23509601       林野星Official         1
729     1523623   3668335           紅やAkaya         1
730  1943950465  23609888     MONA-official         1
731   480723986  22840221             苏苏酱鸭l         1
732   334537711  13747625     艾白_千鸟Official         1
733  1462858376  23108224        如壹的全宇宙唯一小号         1
734  1824597784  23212019      米露提亚Official         1
735  1010093017  23173129         马太Mastest         1
736  2036015357  22776501        利泽特Lizette         1
737   628835970  23152492           店长今天有点困         1
738   489772340  21772091           阿尼_Arni         1
739    95334691   3821208              是沐釉哦         1
740    33419912   3597056              慕倾城鸾         1
741   342566986  22918406       云螭月_Channel         1
742   332093364  22860013        汐音_Shione_         1
743  1472782154  23080567            瑠瑠帆るるほ         1
744  1589117610  23001181          朝海沫霓Moni         1
745   429982753  22323231            四季折の羽_         1
746   646432928  22918711            路理Kuri         1
747  2143967328  22768399         纪代因果_Inga         1
748     6268594   3695068           腊味双拼鹿仔煲         1
749   496600848  22602225           甜梦少女卡莉酱         1
750     8363141  22242682             账号已注销         1
751   476903292  21666922     佐久間ねむOfficial         1
752      828468    727143          烛子_ikina         1
753   427061218  21618129          夜霧Yogiri         1
754   451066708  21602686       新科动漫Channel         1
755      461809    962983            一只皮皮熊呀         1
756     4450868   1413570              八宝酱阿         1
757    32589074   4872086      草加陆人laiciffo         0
758   216905835  22906028          CSGO兜Dou         0
759   492762252  23903294               大船记         0
760     2308730   3570974       xxxXx_X_XX_         0
761  1899937919  23429625                嫣珑         0
762    94923804   9195983                恺゛         0
763  1996270842  23551913              炽琳11         0
764    11951064   1138328             被遗忘者1         0
765   416614876  23365188     米尔帕斯_official         0
766  1847726295  23376684          尾绒Aurora         0
767   486997652  22692115              水卜泡泡         0
768   479768577  23084763             苗苗Mio         0
769    14382057  21513354            爱德华EDS         0
770  2014624029  23363777            残暴樱桃小熊         0
771  1865862406  23250283          恋野萌萌momo         0
772   252597833  13854915           夏日限定菠萝猫         0
773   697964606  23107894            爱吃的萤火酱         0
774     2108977     47325               葱白君         0
775  2099635516  23229192          白床Perori         0
776  1552531961  23236287             黒霧にいろ         0
777       44469    744732    柩Kyuu_Official         0
778   550899722  23146219             鱼遥Yao         0
779   367295017  23320407             账号已注销         0
780   299211960  13381293         异世界的暮卡er_         0
781  1585320184  23319825             账号已注销         0
782   698094102  22573826            我不好说了捏         0
783     2139677  15161590            转生中-南川         0
784     5471378    481086            可以哦___         0
785  1401208510  23008996             豆子Ayo         0
786   104980443  23096939         瞳official         0
787   498456064  22178825            阿月不是咕咕         0
788  1928217508  22943224            代号-202         0
789  1606577455  23190727      妙善公主Official         0
790  1583690517  23148607            纪律部南波兔         0
791  1994541396  23095291    库拉里罗滋-官方WACTOR         0
792  1237746158  23104974               小夜铃         0
793  1451827196  23133856             账号已注销         0
794     8063267   5291090           米米米M米花糖         0
795     1590297     17368               缱落铃         0
796    95286968   3923040          阿贞zzdrws         0
797  1315935808  23124800        绿绿official         0
798   304538761  14370788   世界猫Nia_Official         0
799  1801375919  23104752             账号已注销         0
800   437073522  23064003          歌奈pigeon         0
801  1820277537  23101371             纱柚sau         0
802   436823223  23045312       茨少凌_Channel         0
803  1043321643  23084794       STOP0000011         0
804    83340815  14754466            极北的狸喵酱         0
805     7801382    291509               啊朔丶         0
806  1434788295  23012235       STOP0000012         0
807    39796923   5261059           程Rizwan         0
808  1910896691  23057716             账号已注销         0
809   688898768  22531409             账号已注销         0
810   375370414  22213220           蜜汁de自信i         0
811   646658134  22888048         或许爆爆就是金克斯         0
812  1661076923  22821806         私Official         0
813   690608701  22778617          犬童Kendou         0
814     1359996    664481       南宫灯official         0
815   647575049  22553538     月见里朔良Official         0
816    11850816   1437304        VECTOR_维克特         0
817    32365653   2659281            慕瑶的花花哇         0
818   486618657  21720301      月兔华-WACTOR官方         0
819   247652554   9934974          准时不早退的小鸢         0
820   483419193  21776474      新月岚_Official         0
821  1103073471  22671791          小豆沢Azuki         0
822  1599316734  22667136         Nokooooo_         0
823    34019939   3820990           卡琪酱Taki         0
824   474593912  21622694      超V学园_白祁Seven         0
825   642588972  22409418      佐仓旬夏Official         0
826   442655565  21503113       芙栗希娅Felicia         0
827   436596837  21463227       家长麦Official         0
828   652240042  22485731   闪光Pika_Official         0
829    94928549  22485622    贝伦修坦因_official         0
830   625255764  22439372           新账号在置顶里         0
831    73544914  10666184           橘栗_July         0
832   471308347  21664698        寿寿歌_suzuka         0
833   389858027  21130785      百鬼绫目Official         0
834   624252710  22349494      狮白牡丹Official         0
835   370687588  22111428            花留Karu         0
836     2154078    614957           真的不是那个酱         0
837   474593910  21622687        超V学园_林伊Eli         0
838   354411419  21618138          希薇娅Civia         0
839   479965355  22210240   萝卜蘸酱_机萪Official         0
840   434341786  21452118             账号已注销         0
841   511613155  21908196          阿媂娅Artia         0
842   511613157  21908222        罗莎琳Rosalyn         0
843   511613156  21908209          朵莉丝Doris         0
844   491474048  21752681      天音彼方Official         0
845   456368455  21641569               黑桃影         0
846     7688959   9565979         爱吃瓜子的薇一er         0
847   332704117  11588230      白上吹雪Official         0
848   336731767  13946381       夏色祭Official         0
849       98181   4418655       菫妃奈Official         0
850   373493702  14110147             兰若_Re         0
851     2350845  21349375            咩咩咩咩呀咩         0
852   375504219  14917277     湊-阿库娅Official         0